FFASCI 0 1 "LINES" 0 1e+10
FFATTR 0 1
->1
662378.490000 1299936.100000 -1385.933735
662389.604491 1299910.927870 -1386.031997
662400.718981 1299885.755741 -1386.036308
662411.833472 1299860.583611 -1385.950282
662422.947963 1299835.411481 -1385.862531
662434.062454 1299810.239352 -1385.785815
662445.176944 1299785.067222 -1385.658634
662456.291435 1299759.895093 -1385.567887
662467.405926 1299734.722963 -1385.475315
662478.520417 1299709.550833 -1385.349183
662489.634907 1299684.378704 -1385.235054
662500.749398 1299659.206574 -1385.131357
662511.863889 1299634.034444 -1385.059753
662522.978380 1299608.862315 -1385.010569
662534.092870 1299583.690185 -1384.904143
662545.207361 1299558.518056 -1384.757818
662556.321852 1299533.345926 -1384.687853
662567.436343 1299508.173796 -1384.652090
662578.550833 1299483.001667 -1384.657203
662589.665324 1299457.829537 -1384.684872
662600.779815 1299432.657407 -1384.661029
662611.894306 1299407.485278 -1384.609329
662623.008796 1299382.313148 -1384.518539
662634.123287 1299357.141019 -1384.410619
662645.237778 1299331.968889 -1384.349482
662656.352269 1299306.796759 -1384.287482
662667.466759 1299281.624630 -1384.163818
662678.581250 1299256.452500 -1384.019388
662689.695741 1299231.280370 -1383.996457
662700.810231 1299206.108241 -1384.020385
662711.924722 1299180.936111 -1384.147212
662723.039213 1299155.763981 -1384.275410
662734.153704 1299130.591852 -1384.316934
662745.268194 1299105.419722 -1384.311617
662756.382685 1299080.247593 -1384.244341
662767.497176 1299055.075463 -1384.164213
662778.611667 1299029.903333 -1384.166954
662789.726157 1299004.731204 -1384.109972
662800.840648 1298979.559074 -1384.181130
662811.955139 1298954.386944 -1384.303737
662823.069630 1298929.214815 -1384.430057
662834.184120 1298904.042685 -1384.569187
662845.298611 1298878.870556 -1384.633776
662856.413102 1298853.698426 -1384.665394
662867.527593 1298828.526296 -1384.640856
662878.642083 1298803.354167 -1384.574113
662889.756574 1298778.182037 -1384.433968
662900.871065 1298753.009907 -1384.275781
662911.985556 1298727.837778 -1384.134809
662923.100046 1298702.665648 -1383.986854
662934.214537 1298677.493519 -1383.886335
662945.329028 1298652.321389 -1383.981780
662956.443519 1298627.149259 -1383.929273
662967.558009 1298601.977130 -1383.832928
662978.672500 1298576.805000 -1383.794505
662989.786991 1298551.632870 -1383.838807
663000.901481 1298526.460741 -1383.885574
663012.015972 1298501.288611 -1383.934250
663023.130463 1298476.116481 -1383.996418
663034.244954 1298450.944352 -1383.889546
663045.359444 1298425.772222 -1383.736247
663056.473935 1298400.600093 -1383.618255
663067.588426 1298375.427963 -1383.645090
663078.702917 1298350.255833 -1383.609661
663089.817407 1298325.083704 -1383.639651
663100.931898 1298299.911574 -1383.670279
663112.046389 1298274.739444 -1383.664088
663123.160880 1298249.567315 -1383.763640
663134.275370 1298224.395185 -1383.844274
663145.389861 1298199.223056 -1383.920165
663156.504352 1298174.050926 -1383.917651
663167.618843 1298148.878796 -1383.882655
663178.733333 1298123.706667 -1383.797551
663189.847824 1298098.534537 -1383.718356
663200.962315 1298073.362407 -1383.786584
663212.076806 1298048.190278 -1383.820682
663223.191296 1298023.018148 -1383.805250
663234.305787 1297997.846019 -1383.777375
663245.420278 1297972.673889 -1383.656114
663256.534769 1297947.501759 -1383.525045
663267.649259 1297922.329630 -1383.299997
663278.763750 1297897.157500 -1383.106063
663289.878241 1297871.985370 -1382.977857
663300.992731 1297846.813241 -1382.851543
663312.107222 1297821.641111 -1382.712276
663323.221713 1297796.468981 -1382.533936
663334.336204 1297771.296852 -1382.393863
663345.450694 1297746.124722 -1382.270221
663356.565185 1297720.952593 -1382.095150
663367.679676 1297695.780463 -1381.892337
663378.794167 1297670.608333 -1381.724750
663389.908657 1297645.436204 -1381.532017
663401.023148 1297620.264074 -1381.356301
663412.137639 1297595.091944 -1381.168313
663423.252130 1297569.919815 -1380.974678
663434.366620 1297544.747685 -1380.759253
663445.481111 1297519.575556 -1380.500545
663456.595602 1297494.403426 -1380.231738
663467.710093 1297469.231296 -1379.937514
663478.824583 1297444.059167 -1379.667522
663489.939074 1297418.887037 -1379.432841
663501.053565 1297393.714907 -1379.154866
663512.168056 1297368.542778 -1378.831494
663523.282546 1297343.370648 -1378.444800
663534.397037 1297318.198519 -1378.099688
663545.511528 1297293.026389 -1377.784007
663556.626019 1297267.854259 -1377.532763
663567.740509 1297242.682130 -1377.273946
663578.855000 1297217.510000 -1376.980707
663589.969491 1297192.337870 -1376.702228
663601.083981 1297167.165741 -1376.326506
663612.198472 1297141.993611 -1375.958183
663623.312963 1297116.821481 -1375.712742
663634.427454 1297091.649352 -1375.478569
663645.541944 1297066.477222 -1375.280618
663656.656435 1297041.305093 -1375.031781
663667.770926 1297016.132963 -1374.686216
663678.885417 1296990.960833 -1374.410559
663689.999907 1296965.788704 -1374.216039
663701.114398 1296940.616574 -1374.023584
663712.228889 1296915.444444 -1373.950705
663723.343380 1296890.272315 -1373.806484
663734.457870 1296865.100185 -1373.388572
663745.572361 1296839.928056 -1372.934291
663756.686852 1296814.755926 -1372.882233
663767.801343 1296789.583796 -1372.944153
663778.915833 1296764.411667 -1373.005653
663790.030324 1296739.239537 -1373.142470
663801.144815 1296714.067407 -1372.854524
663812.259306 1296688.895278 -1372.731711
663823.373796 1296663.723148 -1372.659491
663834.488287 1296638.551019 -1372.677055
663845.602778 1296613.378889 -1372.781698
663856.717269 1296588.206759 -1372.665431
663867.831759 1296563.034630 -1372.317574
663878.946250 1296537.862500 -1372.123747
663890.060741 1296512.690370 -1372.095335
663901.175231 1296487.518241 -1372.051223
663912.289722 1296462.346111 -1372.043473
663923.404213 1296437.173981 -1371.990287
663934.518704 1296412.001852 -1371.898412
663945.633194 1296386.829722 -1371.834352
663956.747685 1296361.657593 -1371.777988
663967.862176 1296336.485463 -1371.951213
663978.976667 1296311.313333 -1372.225370
663990.091157 1296286.141204 -1372.272223
664001.205648 1296260.969074 -1372.150231
664012.320139 1296235.796944 -1372.262182
664023.434630 1296210.624815 -1372.433648
664034.549120 1296185.452685 -1372.491867
664045.663611 1296160.280556 -1372.523199
664056.778102 1296135.108426 -1372.440160
664067.892593 1296109.936296 -1372.281687
664079.007083 1296084.764167 -1372.072812
664090.121574 1296059.592037 -1371.838296
664101.236065 1296034.419907 -1371.837575
664112.350556 1296009.247778 -1372.006775
664123.465046 1295984.075648 -1372.113226
664134.579537 1295958.903519 -1372.143030
664145.694028 1295933.731389 -1372.204816
664156.808519 1295908.559259 -1372.272982
664167.923009 1295883.387130 -1372.299670
664179.037500 1295858.215000 -1372.338210
664190.151991 1295833.042870 -1372.435265
664201.266481 1295807.870741 -1372.565283
664212.380972 1295782.698611 -1372.522404
664223.495463 1295757.526481 -1372.406555
664234.609954 1295732.354352 -1372.621672
664245.724444 1295707.182222 -1372.976202
664256.838935 1295682.010093 -1373.223032
664267.953426 1295656.837963 -1373.412703
664279.067917 1295631.665833 -1373.676962
664290.182407 1295606.493704 -1373.969947
664301.296898 1295581.321574 -1374.199990
664312.411389 1295556.149444 -1374.291354
664323.525880 1295530.977315 -1374.361867
664334.640370 1295505.805185 -1374.342270
664345.754861 1295480.633056 -1374.185991
664356.869352 1295455.460926 -1373.960344
664367.983843 1295430.288796 -1373.878623
664379.098333 1295405.116667 -1373.711074
664390.212824 1295379.944537 -1373.753955
664401.327315 1295354.772407 -1373.899668
664412.441806 1295329.600278 -1374.320931
664423.556296 1295304.428148 -1374.356888
664434.670787 1295279.256019 -1374.355705
664445.785278 1295254.083889 -1374.418870
664456.899769 1295228.911759 -1374.529624
664468.014259 1295203.739630 -1374.719452
664479.128750 1295178.567500 -1375.002347
664490.243241 1295153.395370 -1375.193884
664501.357731 1295128.223241 -1375.070711
664512.472222 1295103.051111 -1374.891968
664523.586713 1295077.878981 -1375.173468
664534.701204 1295052.706852 -1375.479236
664545.815694 1295027.534722 -1375.518123
664556.930185 1295002.362593 -1375.475884
664568.044676 1294977.190463 -1375.620354
664579.159167 1294952.018333 -1375.763079
664590.273657 1294926.846204 -1375.938648
664601.388148 1294901.674074 -1376.116045
664612.502639 1294876.501944 -1376.088753
664623.617130 1294851.329815 -1376.045529
664634.731620 1294826.157685 -1375.888179
664645.846111 1294800.985556 -1375.766685
664656.960602 1294775.813426 -1376.137620
664668.075093 1294750.641296 -1376.608949
664679.189583 1294725.469167 -1376.648475
664690.304074 1294700.297037 -1376.702775
664701.418565 1294675.124907 -1376.847430
664712.533056 1294649.952778 -1377.033612
664723.647546 1294624.780648 -1377.197233
664734.762037 1294599.608519 -1377.399123
664745.876528 1294574.436389 -1377.611480
664756.991019 1294549.264259 -1377.802872
664768.105509 1294524.092130 -1377.872611
664779.220000 1294498.920000 -1377.760037
