FFASCI 0 1 "LINES" 0 1e+10
FFATTR 0 1
->1
662378.490000 1299936.100000 -495.695865
662389.604491 1299910.927870 -495.483224
662400.718981 1299885.755741 -495.295400
662411.833472 1299860.583611 -495.174772
662422.947963 1299835.411481 -495.312818
662434.062454 1299810.239352 -495.466904
662445.176944 1299785.067222 -495.657442
662456.291435 1299759.895093 -495.689470
662467.405926 1299734.722963 -495.525521
662478.520417 1299709.550833 -495.321111
662489.634907 1299684.378704 -495.017473
662500.749398 1299659.206574 -494.639678
662511.863889 1299634.034444 -494.574480
662522.978380 1299608.862315 -494.742501
662534.092870 1299583.690185 -494.879176
662545.207361 1299558.518056 -494.998817
662556.321852 1299533.345926 -494.853007
662567.436343 1299508.173796 -494.605527
662578.550833 1299483.001667 -494.530985
662589.665324 1299457.829537 -494.502371
662600.779815 1299432.657407 -494.582685
662611.894306 1299407.485278 -494.778404
662623.008796 1299382.313148 -494.767320
662634.123287 1299357.141019 -494.755619
662645.237778 1299331.968889 -494.762490
662656.352269 1299306.796759 -494.922460
662667.466759 1299281.624630 -495.325264
662678.581250 1299256.452500 -495.746168
662689.695741 1299231.280370 -495.795209
662700.810231 1299206.108241 -495.700417
662711.924722 1299180.936111 -495.316676
662723.039213 1299155.763981 -494.920823
662734.153704 1299130.591852 -494.749363
662745.268194 1299105.419722 -494.633886
662756.382685 1299080.247593 -494.455637
662767.497176 1299055.075463 -494.289603
662778.611667 1299029.903333 -494.029760
662789.726157 1299004.731204 -493.748115
662800.840648 1298979.559074 -493.304024
662811.955139 1298954.386944 -492.856047
662823.069630 1298929.214815 -492.256038
662834.184120 1298904.042685 -491.494849
662845.298611 1298878.870556 -491.269355
662856.413102 1298853.698426 -491.214529
662867.527593 1298828.526296 -491.537020
662878.642083 1298803.354167 -492.001801
662889.756574 1298778.182037 -492.734139
662900.871065 1298753.009907 -493.521648
662911.985556 1298727.837778 -494.227938
662923.100046 1298702.665648 -494.426460
662934.214537 1298677.493519 -494.368018
662945.329028 1298652.321389 -493.908626
662956.443519 1298627.149259 -493.536448
662967.558009 1298601.977130 -493.260100
662978.672500 1298576.805000 -493.173473
662989.786991 1298551.632870 -493.004067
663000.901481 1298526.460741 -492.822845
663012.015972 1298501.288611 -492.664829
663023.130463 1298476.116481 -492.587965
663034.244954 1298450.944352 -492.240074
663045.359444 1298425.772222 -492.113453
663056.473935 1298400.600093 -492.212800
663067.588426 1298375.427963 -492.689572
663078.702917 1298350.255833 -493.185512
663089.817407 1298325.083704 -493.706357
663100.931898 1298299.911574 -494.212334
663112.046389 1298274.739444 -494.514148
663123.160880 1298249.567315 -494.634956
663134.275370 1298224.395185 -494.497777
663145.389861 1298199.223056 -494.309256
663156.504352 1298174.050926 -494.127927
663167.618843 1298148.878796 -493.898244
663178.733333 1298123.706667 -493.646552
663189.847824 1298098.534537 -493.308610
663200.962315 1298073.362407 -493.067981
663212.076806 1298048.190278 -493.093356
663223.191296 1298023.018148 -493.351806
663234.305787 1297997.846019 -493.443870
663245.420278 1297972.673889 -493.582900
663256.534769 1297947.501759 -493.677962
663267.649259 1297922.329630 -493.933506
663278.763750 1297897.157500 -494.198600
663289.878241 1297871.985370 -494.564998
663300.992731 1297846.813241 -494.880749
663312.107222 1297821.641111 -494.827569
663323.221713 1297796.468981 -494.681593
663334.336204 1297771.296852 -494.646860
663345.450694 1297746.124722 -494.694634
663356.565185 1297720.952593 -495.069148
663367.679676 1297695.780463 -495.443176
663378.794167 1297670.608333 -495.641977
663389.908657 1297645.436204 -495.932630
663401.023148 1297620.264074 -496.137135
663412.137639 1297595.091944 -496.402380
663423.252130 1297569.919815 -496.786293
663434.366620 1297544.747685 -496.992938
663445.481111 1297519.575556 -497.256003
663456.595602 1297494.403426 -497.405475
663467.710093 1297469.231296 -497.501656
663478.824583 1297444.059167 -497.584579
663489.939074 1297418.887037 -497.712112
663501.053565 1297393.714907 -497.938077
663512.168056 1297368.542778 -498.403449
663523.282546 1297343.370648 -498.872535
663534.397037 1297318.198519 -499.352011
663545.511528 1297293.026389 -499.672700
663556.626019 1297267.854259 -499.822549
663567.740509 1297242.682130 -499.788721
663578.855000 1297217.510000 -499.478442
663589.969491 1297192.337870 -499.104090
663601.083981 1297167.165741 -498.743086
663612.198472 1297141.993611 -498.355464
663623.312963 1297116.821481 -498.151040
663634.427454 1297091.649352 -498.017416
663645.541944 1297066.477222 -498.018383
663656.656435 1297041.305093 -498.090588
663667.770926 1297016.132963 -498.274901
663678.885417 1296990.960833 -498.336591
663689.999907 1296965.788704 -498.092091
663701.114398 1296940.616574 -497.822653
663712.228889 1296915.444444 -497.867791
663723.343380 1296890.272315 -498.062619
663734.457870 1296865.100185 -498.547189
663745.572361 1296839.928056 -499.057338
663756.686852 1296814.755926 -499.454660
663767.801343 1296789.583796 -499.672054
663778.915833 1296764.411667 -499.640719
663790.030324 1296739.239537 -499.469805
663801.144815 1296714.067407 -499.124912
663812.259306 1296688.895278 -498.858899
663823.373796 1296663.723148 -498.544920
663834.488287 1296638.551019 -498.334149
663845.602778 1296613.378889 -498.360995
663856.717269 1296588.206759 -498.420121
663867.831759 1296563.034630 -498.503608
663878.946250 1296537.862500 -498.517762
663890.060741 1296512.690370 -498.457459
663901.175231 1296487.518241 -498.459701
663912.289722 1296462.346111 -498.524851
663923.404213 1296437.173981 -498.740925
663934.518704 1296412.001852 -499.128527
663945.633194 1296386.829722 -499.559692
663956.747685 1296361.657593 -499.581965
663967.862176 1296336.485463 -499.316692
663978.976667 1296311.313333 -498.978534
663990.091157 1296286.141204 -498.497221
664001.205648 1296260.969074 -497.964109
664012.320139 1296235.796944 -497.842039
664023.434630 1296210.624815 -497.895054
664034.549120 1296185.452685 -497.975463
664045.663611 1296160.280556 -498.342138
664056.778102 1296135.108426 -498.681722
664067.892593 1296109.936296 -498.939814
664079.007083 1296084.764167 -498.958597
664090.121574 1296059.592037 -498.943706
664101.236065 1296034.419907 -498.941346
664112.350556 1296009.247778 -498.810136
664123.465046 1295984.075648 -498.695351
664134.579537 1295958.903519 -498.372383
664145.694028 1295933.731389 -497.855040
664156.808519 1295908.559259 -497.427422
664167.923009 1295883.387130 -497.784182
664179.037500 1295858.215000 -498.295819
664190.151991 1295833.042870 -498.862043
664201.266481 1295807.870741 -499.275145
664212.380972 1295782.698611 -499.525448
664223.495463 1295757.526481 -499.732045
664234.609954 1295732.354352 -499.895922
664245.724444 1295707.182222 -499.983702
664256.838935 1295682.010093 -499.778878
664267.953426 1295656.837963 -499.493206
664279.067917 1295631.665833 -498.732562
664290.182407 1295606.493704 -496.952574
664301.296898 1295581.321574 -495.953177
664312.411389 1295556.149444 -495.493930
664323.525880 1295530.977315 -495.635388
664334.640370 1295505.805185 -496.820274
664345.754861 1295480.633056 -497.602633
664356.869352 1295455.460926 -498.163295
664367.983843 1295430.288796 -498.353476
664379.098333 1295405.116667 -498.350182
664390.212824 1295379.944537 -498.068765
664401.327315 1295354.772407 -497.706393
664412.441806 1295329.600278 -497.237777
664423.556296 1295304.428148 -496.668328
664434.670787 1295279.256019 -496.654550
664445.785278 1295254.083889 -496.857264
664456.899769 1295228.911759 -498.223736
664468.014259 1295203.739630 -499.915399
664479.128750 1295178.567500 -500.314307
664490.243241 1295153.395370 -500.529061
664501.357731 1295128.223241 -500.434154
664512.472222 1295103.051111 -500.371585
664523.586713 1295077.878981 -500.260911
664534.701204 1295052.706852 -500.156559
664545.815694 1295027.534722 -500.092697
664556.930185 1295002.362593 -500.042800
664568.044676 1294977.190463 -500.231320
664579.159167 1294952.018333 -500.488391
664590.273657 1294926.846204 -500.736743
664601.388148 1294901.674074 -500.978730
664612.502639 1294876.501944 -501.297047
664623.617130 1294851.329815 -501.620383
664634.731620 1294826.157685 -501.597719
664645.846111 1294800.985556 -501.632603
664656.960602 1294775.813426 -500.707583
664668.075093 1294750.641296 -499.430393
664679.189583 1294725.469167 -499.448857
664690.304074 1294700.297037 -499.428828
664701.418565 1294675.124907 -499.499463
664712.533056 1294649.952778 -499.448545
664723.647546 1294624.780648 -499.483426
664734.762037 1294599.608519 -499.451633
664745.876528 1294574.436389 -499.951811
664756.991019 1294549.264259 -500.560127
664768.105509 1294524.092130 -501.012843
664779.220000 1294498.920000 -501.548268
