FFASCI 0 1 "LINES" 0 1e+10
FFATTR 0 1
->1
662378.490000 1299936.100000 -897.454798
662389.604491 1299910.927870 -897.526234
662400.718981 1299885.755741 -897.463223
662411.833472 1299860.583611 -897.384465
662422.947963 1299835.411481 -897.378828
662434.062454 1299810.239352 -897.430050
662445.176944 1299785.067222 -897.469402
662456.291435 1299759.895093 -897.443717
662467.405926 1299734.722963 -897.386376
662478.520417 1299709.550833 -897.341272
662489.634907 1299684.378704 -897.277963
662500.749398 1299659.206574 -897.196685
662511.863889 1299634.034444 -897.200196
662522.978380 1299608.862315 -897.246761
662534.092870 1299583.690185 -897.210314
662545.207361 1299558.518056 -897.121701
662556.321852 1299533.345926 -897.006851
662567.436343 1299508.173796 -896.879493
662578.550833 1299483.001667 -896.794899
662589.665324 1299457.829537 -896.726634
662600.779815 1299432.657407 -896.587164
662611.894306 1299407.485278 -896.357598
662623.008796 1299382.313148 -896.130605
662634.123287 1299357.141019 -895.926522
662645.237778 1299331.968889 -895.888268
662656.352269 1299306.796759 -895.915152
662667.466759 1299281.624630 -895.797528
662678.581250 1299256.452500 -895.606129
662689.695741 1299231.280370 -895.488267
662700.810231 1299206.108241 -895.429783
662711.924722 1299180.936111 -895.586303
662723.039213 1299155.763981 -895.743107
662734.153704 1299130.591852 -895.836203
662745.268194 1299105.419722 -895.926533
662756.382685 1299080.247593 -895.987744
662767.497176 1299055.075463 -896.045247
662778.611667 1299029.903333 -896.109963
662789.726157 1299004.731204 -896.193849
662800.840648 1298979.559074 -896.316173
662811.955139 1298954.386944 -896.449302
662823.069630 1298929.214815 -896.489475
662834.184120 1298904.042685 -896.556115
662845.298611 1298878.870556 -896.574652
662856.413102 1298853.698426 -896.562703
662867.527593 1298828.526296 -896.571456
662878.642083 1298803.354167 -896.539669
662889.756574 1298778.182037 -896.366459
662900.871065 1298753.009907 -896.162684
662911.985556 1298727.837778 -895.995070
662923.100046 1298702.665648 -895.825307
662934.214537 1298677.493519 -895.895775
662945.329028 1298652.321389 -895.976494
662956.443519 1298627.149259 -895.940373
662967.558009 1298601.977130 -895.861038
662978.672500 1298576.805000 -895.842524
662989.786991 1298551.632870 -895.842749
663000.901481 1298526.460741 -895.757500
663012.015972 1298501.288611 -895.803886
663023.130463 1298476.116481 -895.702626
663034.244954 1298450.944352 -895.712924
663045.359444 1298425.772222 -895.562423
663056.473935 1298400.600093 -895.436064
663067.588426 1298375.427963 -895.454994
663078.702917 1298350.255833 -895.340259
663089.817407 1298325.083704 -895.215689
663100.931898 1298299.911574 -895.094063
663112.046389 1298274.739444 -895.023493
663123.160880 1298249.567315 -894.950780
663134.275370 1298224.395185 -895.089706
663145.389861 1298199.223056 -895.231161
663156.504352 1298174.050926 -895.483831
663167.618843 1298148.878796 -895.726073
663178.733333 1298123.706667 -895.857437
663189.847824 1298098.534537 -895.983378
663200.962315 1298073.362407 -896.246962
663212.076806 1298048.190278 -896.455334
663223.191296 1298023.018148 -896.567561
663234.305787 1297997.846019 -896.678376
663245.420278 1297972.673889 -896.821060
663256.534769 1297947.501759 -896.978226
663267.649259 1297922.329630 -897.052885
663278.763750 1297897.157500 -897.134573
663289.878241 1297871.985370 -897.238313
663300.992731 1297846.813241 -897.343635
663312.107222 1297821.641111 -897.460823
663323.221713 1297796.468981 -897.576812
663334.336204 1297771.296852 -897.689517
663345.450694 1297746.124722 -897.799258
663356.565185 1297720.952593 -897.804168
663367.679676 1297695.780463 -897.775177
663378.794167 1297670.608333 -897.789020
663389.908657 1297645.436204 -897.776247
663401.023148 1297620.264074 -897.792377
663412.137639 1297595.091944 -897.799600
663423.252130 1297569.919815 -897.870758
663434.366620 1297544.747685 -897.914672
663445.481111 1297519.575556 -897.824705
663456.595602 1297494.403426 -897.799386
663467.710093 1297469.231296 -897.896194
663478.824583 1297444.059167 -897.985850
663489.939074 1297418.887037 -898.121924
663501.053565 1297393.714907 -898.214425
663512.168056 1297368.542778 -898.173281
663523.282546 1297343.370648 -898.139929
663534.397037 1297318.198519 -898.096837
663545.511528 1297293.026389 -898.029606
663556.626019 1297267.854259 -898.016973
663567.740509 1297242.682130 -898.022474
663578.855000 1297217.510000 -898.043154
663589.969491 1297192.337870 -898.038992
663601.083981 1297167.165741 -897.999185
663612.198472 1297141.993611 -897.948713
663623.312963 1297116.821481 -897.941740
663634.427454 1297091.649352 -897.921277
663645.541944 1297066.477222 -897.883236
663656.656435 1297041.305093 -897.823695
663667.770926 1297016.132963 -897.718889
663678.885417 1296990.960833 -897.661565
663689.999907 1296965.788704 -897.742439
663701.114398 1296940.616574 -897.858868
663712.228889 1296915.444444 -898.008367
663723.343380 1296890.272315 -898.074885
663734.457870 1296865.100185 -898.031107
663745.572361 1296839.928056 -898.080946
663756.686852 1296814.755926 -898.147918
663767.801343 1296789.583796 -898.223051
663778.915833 1296764.411667 -898.281775
663790.030324 1296739.239537 -898.344386
663801.144815 1296714.067407 -898.400149
663812.259306 1296688.895278 -898.489420
663823.373796 1296663.723148 -898.618003
663834.488287 1296638.551019 -898.801961
663845.602778 1296613.378889 -899.041029
663856.717269 1296588.206759 -899.182470
663867.831759 1296563.034630 -899.219999
663878.946250 1296537.862500 -899.286892
663890.060741 1296512.690370 -899.382967
663901.175231 1296487.518241 -899.460282
663912.289722 1296462.346111 -899.505458
663923.404213 1296437.173981 -899.455895
663934.518704 1296412.001852 -899.322346
663945.633194 1296386.829722 -899.148186
663956.747685 1296361.657593 -898.970948
663967.862176 1296336.485463 -898.921561
663978.976667 1296311.313333 -898.976038
663990.091157 1296286.141204 -899.025169
664001.205648 1296260.969074 -899.012404
664012.320139 1296235.796944 -899.124594
664023.434630 1296210.624815 -899.285804
664034.549120 1296185.452685 -899.405226
664045.663611 1296160.280556 -899.480356
664056.778102 1296135.108426 -899.530291
664067.892593 1296109.936296 -899.579237
664079.007083 1296084.764167 -899.587284
664090.121574 1296059.592037 -899.550743
664101.236065 1296034.419907 -899.589667
664112.350556 1296009.247778 -899.669946
664123.465046 1295984.075648 -899.727908
664134.579537 1295958.903519 -899.747000
664145.694028 1295933.731389 -899.804614
664156.808519 1295908.559259 -899.840519
664167.923009 1295883.387130 -899.845290
664179.037500 1295858.215000 -899.820466
664190.151991 1295833.042870 -899.843634
664201.266481 1295807.870741 -899.889811
664212.380972 1295782.698611 -899.788864
664223.495463 1295757.526481 -899.650828
664234.609954 1295732.354352 -899.687366
664245.724444 1295707.182222 -899.786379
664256.838935 1295682.010093 -899.872941
664267.953426 1295656.837963 -899.960864
664279.067917 1295631.665833 -900.101542
664290.182407 1295606.493704 -900.381334
664301.296898 1295581.321574 -900.633087
664312.411389 1295556.149444 -900.822057
664323.525880 1295530.977315 -900.830924
664334.640370 1295505.805185 -900.884985
664345.754861 1295480.633056 -900.799052
664356.869352 1295455.460926 -900.639448
664367.983843 1295430.288796 -900.566777
664379.098333 1295405.116667 -900.396574
664390.212824 1295379.944537 -900.371498
664401.327315 1295354.772407 -900.417083
664412.441806 1295329.600278 -900.721096
664423.556296 1295304.428148 -900.758334
664434.670787 1295279.256019 -900.703188
664445.785278 1295254.083889 -900.684832
664456.899769 1295228.911759 -900.675889
664468.014259 1295203.739630 -900.709260
664479.128750 1295178.567500 -900.908949
664490.243241 1295153.395370 -901.063072
664501.357731 1295128.223241 -901.039207
664512.472222 1295103.051111 -900.961874
664523.586713 1295077.878981 -900.906252
664534.701204 1295052.706852 -900.882461
664545.815694 1295027.534722 -900.727322
664556.930185 1295002.362593 -900.589961
664568.044676 1294977.190463 -900.560227
664579.159167 1294952.018333 -900.556637
664590.273657 1294926.846204 -900.621529
664601.388148 1294901.674074 -900.707583
664612.502639 1294876.501944 -901.065384
664623.617130 1294851.329815 -901.370861
664634.731620 1294826.157685 -901.626859
664645.846111 1294800.985556 -901.898876
664656.960602 1294775.813426 -902.433544
664668.075093 1294750.641296 -903.008199
664679.189583 1294725.469167 -903.186129
664690.304074 1294700.297037 -903.385969
664701.418565 1294675.124907 -903.520795
664712.533056 1294649.952778 -903.673149
664723.647546 1294624.780648 -903.771494
664734.762037 1294599.608519 -903.907783
664745.876528 1294574.436389 -904.024380
664756.991019 1294549.264259 -904.127754
664768.105509 1294524.092130 -904.225145
664779.220000 1294498.920000 -904.208580
