FFASCI 0 1 "LINES" 0 1e+10
FFATTR 0 1
->1
662378.490000 1299936.100000 -2523.689354
662389.604491 1299910.927870 -2522.390765
662400.718981 1299885.755741 -2520.963242
662411.833472 1299860.583611 -2519.405337
662422.947963 1299835.411481 -2518.975351
662434.062454 1299810.239352 -2518.009904
662445.176944 1299785.067222 -2516.217765
662456.291435 1299759.895093 -2513.774633
662467.405926 1299734.722963 -2511.870595
662478.520417 1299709.550833 -2510.395232
662489.634907 1299684.378704 -2510.037104
662500.749398 1299659.206574 -2510.415646
662511.863889 1299634.034444 -2512.319969
662522.978380 1299608.862315 -2514.200165
662534.092870 1299583.690185 -2515.320768
662545.207361 1299558.518056 -2514.575224
662556.321852 1299533.345926 -2514.102949
662567.436343 1299508.173796 -2513.787582
662578.550833 1299483.001667 -2513.720217
662589.665324 1299457.829537 -2509.731387
662600.779815 1299432.657407 -2505.432189
662611.894306 1299407.485278 -2500.411382
662623.008796 1299382.313148 -2498.343405
662634.123287 1299357.141019 -2497.036060
662645.237778 1299331.968889 -2495.607292
662656.352269 1299306.796759 -2494.258525
662667.466759 1299281.624630 -2493.462300
662678.581250 1299256.452500 -2492.822610
662689.695741 1299231.280370 -2492.733420
662700.810231 1299206.108241 -2492.509240
662711.924722 1299180.936111 -2493.773874
662723.039213 1299155.763981 -2495.183093
662734.153704 1299130.591852 -2496.882100
662745.268194 1299105.419722 -2498.731792
662756.382685 1299080.247593 -2499.529718
662767.497176 1299055.075463 -2500.136695
662778.611667 1299029.903333 -2499.492733
662789.726157 1299004.731204 -2498.659907
662800.840648 1298979.559074 -2497.810037
662811.955139 1298954.386944 -2496.915174
662823.069630 1298929.214815 -2496.267237
662834.184120 1298904.042685 -2495.974891
662845.298611 1298878.870556 -2495.418706
662856.413102 1298853.698426 -2494.591746
662867.527593 1298828.526296 -2492.860807
662878.642083 1298803.354167 -2491.860630
662889.756574 1298778.182037 -2491.303527
662900.871065 1298753.009907 -2491.072327
662911.985556 1298727.837778 -2492.395788
662923.100046 1298702.665648 -2493.707858
662934.214537 1298677.493519 -2494.694371
662945.329028 1298652.321389 -2495.677784
662956.443519 1298627.149259 -2495.841292
662967.558009 1298601.977130 -2495.810386
662978.672500 1298576.805000 -2496.028664
662989.786991 1298551.632870 -2497.932741
663000.901481 1298526.460741 -2500.356478
663012.015972 1298501.288611 -2502.821681
663023.130463 1298476.116481 -2503.078991
663034.244954 1298450.944352 -2503.119269
663045.359444 1298425.772222 -2501.345547
663056.473935 1298400.600093 -2498.749075
663067.588426 1298375.427963 -2497.684703
663078.702917 1298350.255833 -2496.682451
663089.817407 1298325.083704 -2496.215752
663100.931898 1298299.911574 -2495.727534
663112.046389 1298274.739444 -2493.787553
663123.160880 1298249.567315 -2493.145919
663134.275370 1298224.395185 -2493.026634
663145.389861 1298199.223056 -2493.648431
663156.504352 1298174.050926 -2494.313429
663167.618843 1298148.878796 -2494.923925
663178.733333 1298123.706667 -2494.038115
663189.847824 1298098.534537 -2493.226441
663200.962315 1298073.362407 -2492.327552
663212.076806 1298048.190278 -2490.849638
663223.191296 1298023.018148 -2489.909440
663234.305787 1297997.846019 -2489.158989
663245.420278 1297972.673889 -2489.369050
663256.534769 1297947.501759 -2489.205324
663267.649259 1297922.329630 -2488.216579
663278.763750 1297897.157500 -2487.050294
663289.878241 1297871.985370 -2483.998364
663300.992731 1297846.813241 -2480.783474
663312.107222 1297821.641111 -2477.024292
663323.221713 1297796.468981 -2473.883931
663334.336204 1297771.296852 -2472.000590
663345.450694 1297746.124722 -2470.358325
663356.565185 1297720.952593 -2469.447122
663367.679676 1297695.780463 -2468.566799
663378.794167 1297670.608333 -2468.221841
663389.908657 1297645.436204 -2467.718253
663401.023148 1297620.264074 -2467.968591
663412.137639 1297595.091944 -2468.256463
663423.252130 1297569.919815 -2468.859737
663434.366620 1297544.747685 -2469.189641
663445.481111 1297519.575556 -2469.248565
663456.595602 1297494.403426 -2469.330280
663467.710093 1297469.231296 -2468.927974
663478.824583 1297444.059167 -2468.233551
663489.939074 1297418.887037 -2466.616627
663501.053565 1297393.714907 -2463.919855
663512.168056 1297368.542778 -2457.421167
663523.282546 1297343.370648 -2450.882826
663534.397037 1297318.198519 -2444.373015
663545.511528 1297293.026389 -2438.757149
663556.626019 1297267.854259 -2434.874100
663567.740509 1297242.682130 -2432.212231
663578.855000 1297217.510000 -2430.637070
663589.969491 1297192.337870 -2429.643020
663601.083981 1297167.165741 -2428.208513
663612.198472 1297141.993611 -2426.600275
663623.312963 1297116.821481 -2426.492310
663634.427454 1297091.649352 -2426.633695
663645.541944 1297066.477222 -2427.239806
663656.656435 1297041.305093 -2428.121043
663667.770926 1297016.132963 -2429.651456
663678.885417 1296990.960833 -2431.688688
663689.999907 1296965.788704 -2434.630485
663701.114398 1296940.616574 -2436.092793
663712.228889 1296915.444444 -2435.348991
663723.343380 1296890.272315 -2433.128842
663734.457870 1296865.100185 -2427.961312
663745.572361 1296839.928056 -2422.456227
663756.686852 1296814.755926 -2419.867370
663767.801343 1296789.583796 -2419.137762
663778.915833 1296764.411667 -2418.425564
663790.030324 1296739.239537 -2416.009902
663801.144815 1296714.067407 -2411.599890
663812.259306 1296688.895278 -2406.677156
663823.373796 1296663.723148 -2402.563256
663834.488287 1296638.551019 -2400.254115
663845.602778 1296613.378889 -2400.094245
663856.717269 1296588.206759 -2398.883849
663867.831759 1296563.034630 -2396.574978
663878.946250 1296537.862500 -2395.314624
663890.060741 1296512.690370 -2395.527540
663901.175231 1296487.518241 -2397.246981
663912.289722 1296462.346111 -2401.716150
663923.404213 1296437.173981 -2402.254001
663934.518704 1296412.001852 -2402.392170
663945.633194 1296386.829722 -2401.521557
663956.747685 1296361.657593 -2399.084844
663967.862176 1296336.485463 -2399.444408
663978.976667 1296311.313333 -2401.596368
663990.091157 1296286.141204 -2403.068889
664001.205648 1296260.969074 -2402.763216
664012.320139 1296235.796944 -2401.706303
664023.434630 1296210.624815 -2400.490036
664034.549120 1296185.452685 -2396.859823
664045.663611 1296160.280556 -2393.117016
664056.778102 1296135.108426 -2389.598488
664067.892593 1296109.936296 -2386.706502
664079.007083 1296084.764167 -2387.210794
664090.121574 1296059.592037 -2391.289708
664101.236065 1296034.419907 -2396.398099
664112.350556 1296009.247778 -2401.433304
664123.465046 1295984.075648 -2403.594973
664134.579537 1295958.903519 -2405.023406
664145.694028 1295933.731389 -2406.608395
664156.808519 1295908.559259 -2407.595341
664167.923009 1295883.387130 -2409.346254
664179.037500 1295858.215000 -2411.504896
664190.151991 1295833.042870 -2414.161550
664201.266481 1295807.870741 -2416.964220
664212.380972 1295782.698611 -2418.676443
664223.495463 1295757.526481 -2419.974524
664234.609954 1295732.354352 -2422.496514
664245.724444 1295707.182222 -2425.612559
664256.838935 1295682.010093 -2427.597165
664267.953426 1295656.837963 -2429.009104
664279.067917 1295631.665833 -2429.262793
664290.182407 1295606.493704 -2429.361417
664301.296898 1295581.321574 -2429.095902
664312.411389 1295556.149444 -2428.314254
664323.525880 1295530.977315 -2427.962232
664334.640370 1295505.805185 -2427.596217
664345.754861 1295480.633056 -2426.785563
664356.869352 1295455.460926 -2425.792814
664367.983843 1295430.288796 -2424.754648
664379.098333 1295405.116667 -2423.289141
664390.212824 1295379.944537 -2421.561182
664401.327315 1295354.772407 -2420.716552
664412.441806 1295329.600278 -2422.759626
664423.556296 1295304.428148 -2424.182600
664434.670787 1295279.256019 -2425.351225
664445.785278 1295254.083889 -2426.674643
664456.899769 1295228.911759 -2426.588199
664468.014259 1295203.739630 -2426.313473
664479.128750 1295178.567500 -2425.370761
664490.243241 1295153.395370 -2424.550917
664501.357731 1295128.223241 -2422.948480
664512.472222 1295103.051111 -2421.020350
664523.586713 1295077.878981 -2419.815906
664534.701204 1295052.706852 -2417.959537
664545.815694 1295027.534722 -2412.949100
664556.930185 1295002.362593 -2407.294671
664568.044676 1294977.190463 -2402.218060
664579.159167 1294952.018333 -2397.443516
664590.273657 1294926.846204 -2393.054477
664601.388148 1294901.674074 -2388.672813
664612.502639 1294876.501944 -2386.266130
664623.617130 1294851.329815 -2385.408015
664634.731620 1294826.157685 -2386.119849
664645.846111 1294800.985556 -2388.991790
664656.960602 1294775.813426 -2394.047830
664668.075093 1294750.641296 -2399.172309
664679.189583 1294725.469167 -2402.292047
664690.304074 1294700.297037 -2405.480936
664701.418565 1294675.124907 -2407.285761
664712.533056 1294649.952778 -2409.086267
664723.647546 1294624.780648 -2409.253206
664734.762037 1294599.608519 -2409.756065
664745.876528 1294574.436389 -2408.816581
664756.991019 1294549.264259 -2406.571967
664768.105509 1294524.092130 -2403.621021
664779.220000 1294498.920000 -2401.298200
