FFASCI 0 1 "LINES" 0 1e+10
FFATTR 0 1
->1
662378.490000 1299936.100000 -2315.833354
662389.604491 1299910.927870 -2315.542377
662400.718981 1299885.755741 -2314.994310
662411.833472 1299860.583611 -2314.335326
662422.947963 1299835.411481 -2313.785033
662434.062454 1299810.239352 -2313.365260
662445.176944 1299785.067222 -2312.927663
662456.291435 1299759.895093 -2312.490787
662467.405926 1299734.722963 -2312.274645
662478.520417 1299709.550833 -2312.225390
662489.634907 1299684.378704 -2312.374941
662500.749398 1299659.206574 -2312.646932
662511.863889 1299634.034444 -2313.020700
662522.978380 1299608.862315 -2313.316991
662534.092870 1299583.690185 -2313.745327
662545.207361 1299558.518056 -2314.288253
662556.321852 1299533.345926 -2314.850041
662567.436343 1299508.173796 -2315.297597
662578.550833 1299483.001667 -2315.372963
662589.665324 1299457.829537 -2314.880047
662600.779815 1299432.657407 -2314.486391
662611.894306 1299407.485278 -2314.045451
662623.008796 1299382.313148 -2313.711859
662634.123287 1299357.141019 -2313.455433
662645.237778 1299331.968889 -2312.952653
662656.352269 1299306.796759 -2312.279007
662667.466759 1299281.624630 -2311.639734
662678.581250 1299256.452500 -2311.123571
662689.695741 1299231.280370 -2310.902509
662700.810231 1299206.108241 -2310.823488
662711.924722 1299180.936111 -2310.895131
662723.039213 1299155.763981 -2311.019999
662734.153704 1299130.591852 -2311.109520
662745.268194 1299105.419722 -2311.188542
662756.382685 1299080.247593 -2311.576790
662767.497176 1299055.075463 -2312.055038
662778.611667 1299029.903333 -2312.339956
662789.726157 1299004.731204 -2312.427155
662800.840648 1298979.559074 -2312.021377
662811.955139 1298954.386944 -2311.533659
662823.069630 1298929.214815 -2311.133399
662834.184120 1298904.042685 -2310.737560
662845.298611 1298878.870556 -2310.399154
662856.413102 1298853.698426 -2310.169278
662867.527593 1298828.526296 -2309.881101
662878.642083 1298803.354167 -2309.519069
662889.756574 1298778.182037 -2309.398229
662900.871065 1298753.009907 -2309.312392
662911.985556 1298727.837778 -2309.264507
662923.100046 1298702.665648 -2309.225311
662934.214537 1298677.493519 -2308.824450
662945.329028 1298652.321389 -2308.363546
662956.443519 1298627.149259 -2307.971535
662967.558009 1298601.977130 -2307.561366
662978.672500 1298576.805000 -2307.411051
662989.786991 1298551.632870 -2307.418721
663000.901481 1298526.460741 -2307.576970
663012.015972 1298501.288611 -2307.694020
663023.130463 1298476.116481 -2307.850421
663034.244954 1298450.944352 -2308.044761
663045.359444 1298425.772222 -2308.304158
663056.473935 1298400.600093 -2308.550056
663067.588426 1298375.427963 -2308.576764
663078.702917 1298350.255833 -2308.526799
663089.817407 1298325.083704 -2308.288124
663100.931898 1298299.911574 -2308.063223
663112.046389 1298274.739444 -2307.235282
663123.160880 1298249.567315 -2306.460335
663134.275370 1298224.395185 -2305.778237
663145.389861 1298199.223056 -2305.435936
663156.504352 1298174.050926 -2305.667749
663167.618843 1298148.878796 -2305.917448
663178.733333 1298123.706667 -2306.092675
663189.847824 1298098.534537 -2305.796459
663200.962315 1298073.362407 -2305.127458
663212.076806 1298048.190278 -2304.262866
663223.191296 1298023.018148 -2303.218584
663234.305787 1297997.846019 -2302.236001
663245.420278 1297972.673889 -2301.488770
663256.534769 1297947.501759 -2300.793141
663267.649259 1297922.329630 -2300.303166
663278.763750 1297897.157500 -2299.575626
663289.878241 1297871.985370 -2298.783824
663300.992731 1297846.813241 -2297.819313
663312.107222 1297821.641111 -2296.729279
663323.221713 1297796.468981 -2295.720468
663334.336204 1297771.296852 -2295.209466
663345.450694 1297746.124722 -2294.515927
663356.565185 1297720.952593 -2293.645574
663367.679676 1297695.780463 -2292.796917
663378.794167 1297670.608333 -2292.180901
663389.908657 1297645.436204 -2291.385252
663401.023148 1297620.264074 -2290.988236
663412.137639 1297595.091944 -2290.536497
663423.252130 1297569.919815 -2290.117391
663434.366620 1297544.747685 -2289.623115
663445.481111 1297519.575556 -2289.195854
663456.595602 1297494.403426 -2288.713855
663467.710093 1297469.231296 -2287.924557
663478.824583 1297444.059167 -2286.992890
663489.939074 1297418.887037 -2285.620631
663501.053565 1297393.714907 -2284.014951
663512.168056 1297368.542778 -2281.496536
663523.282546 1297343.370648 -2278.955139
663534.397037 1297318.198519 -2276.305085
663545.511528 1297293.026389 -2273.829479
663556.626019 1297267.854259 -2271.934002
663567.740509 1297242.682130 -2270.424484
663578.855000 1297217.510000 -2269.175456
663589.969491 1297192.337870 -2268.151482
663601.083981 1297167.165741 -2267.133471
663612.198472 1297141.993611 -2266.216588
663623.312963 1297116.821481 -2266.202990
663634.427454 1297091.649352 -2266.227042
663645.541944 1297066.477222 -2266.339554
663656.656435 1297041.305093 -2266.267246
663667.770926 1297016.132963 -2265.940116
663678.885417 1296990.960833 -2265.758548
663689.999907 1296965.788704 -2265.836777
663701.114398 1296940.616574 -2265.543270
663712.228889 1296915.444444 -2264.988590
663723.343380 1296890.272315 -2264.087171
663734.457870 1296865.100185 -2262.232114
663745.572361 1296839.928056 -2260.315012
663756.686852 1296814.755926 -2259.129158
663767.801343 1296789.583796 -2258.142963
663778.915833 1296764.411667 -2256.768110
663790.030324 1296739.239537 -2254.971255
663801.144815 1296714.067407 -2252.803526
663812.259306 1296688.895278 -2250.959460
663823.373796 1296663.723148 -2249.676855
663834.488287 1296638.551019 -2249.023679
663845.602778 1296613.378889 -2249.009520
663856.717269 1296588.206759 -2248.465436
663867.831759 1296563.034630 -2247.390846
663878.946250 1296537.862500 -2246.990574
663890.060741 1296512.690370 -2247.314462
663901.175231 1296487.518241 -2248.062973
663912.289722 1296462.346111 -2249.480002
663923.404213 1296437.173981 -2250.658984
663934.518704 1296412.001852 -2252.088955
663945.633194 1296386.829722 -2253.291125
663956.747685 1296361.657593 -2254.095418
663967.862176 1296336.485463 -2255.200732
663978.976667 1296311.313333 -2256.263241
663990.091157 1296286.141204 -2256.169895
664001.205648 1296260.969074 -2255.250217
664012.320139 1296235.796944 -2254.053627
664023.434630 1296210.624815 -2252.804245
664034.549120 1296185.452685 -2251.177683
664045.663611 1296160.280556 -2249.831614
664056.778102 1296135.108426 -2248.761432
664067.892593 1296109.936296 -2248.081237
664079.007083 1296084.764167 -2247.984984
664090.121574 1296059.592037 -2247.973494
664101.236065 1296034.419907 -2248.788310
664112.350556 1296009.247778 -2250.154914
664123.465046 1295984.075648 -2251.066626
664134.579537 1295958.903519 -2251.503485
664145.694028 1295933.731389 -2251.919996
664156.808519 1295908.559259 -2252.138818
664167.923009 1295883.387130 -2252.562934
664179.037500 1295858.215000 -2253.501846
664190.151991 1295833.042870 -2254.734420
664201.266481 1295807.870741 -2256.086802
664212.380972 1295782.698611 -2256.862082
664223.495463 1295757.526481 -2257.467342
664234.609954 1295732.354352 -2258.770304
664245.724444 1295707.182222 -2260.297230
664256.838935 1295682.010093 -2261.349423
664267.953426 1295656.837963 -2262.130383
664279.067917 1295631.665833 -2262.622773
664290.182407 1295606.493704 -2262.881877
664301.296898 1295581.321574 -2263.001610
664312.411389 1295556.149444 -2262.801472
664323.525880 1295530.977315 -2262.524333
664334.640370 1295505.805185 -2262.017171
664345.754861 1295480.633056 -2261.106652
664356.869352 1295455.460926 -2260.079839
664367.983843 1295430.288796 -2259.381029
664379.098333 1295405.116667 -2258.888806
664390.212824 1295379.944537 -2258.627006
664401.327315 1295354.772407 -2258.505906
664412.441806 1295329.600278 -2259.381723
664423.556296 1295304.428148 -2259.573875
664434.670787 1295279.256019 -2259.665639
664445.785278 1295254.083889 -2259.880375
664456.899769 1295228.911759 -2259.826111
664468.014259 1295203.739630 -2259.817473
664479.128750 1295178.567500 -2259.392639
664490.243241 1295153.395370 -2258.997129
664501.357731 1295128.223241 -2257.464284
664512.472222 1295103.051111 -2255.696009
664523.586713 1295077.878981 -2255.042426
664534.701204 1295052.706852 -2254.249829
664545.815694 1295027.534722 -2252.517701
664556.930185 1295002.362593 -2250.647017
664568.044676 1294977.190463 -2249.028134
664579.159167 1294952.018333 -2247.333539
664590.273657 1294926.846204 -2246.235200
664601.388148 1294901.674074 -2245.166883
664612.502639 1294876.501944 -2244.629666
664623.617130 1294851.329815 -2244.324114
664634.731620 1294826.157685 -2244.184761
664645.846111 1294800.985556 -2244.568415
664656.960602 1294775.813426 -2246.155012
664668.075093 1294750.641296 -2247.835470
664679.189583 1294725.469167 -2248.866604
664690.304074 1294700.297037 -2249.855430
664701.418565 1294675.124907 -2251.161637
664712.533056 1294649.952778 -2252.520955
664723.647546 1294624.780648 -2253.628809
664734.762037 1294599.608519 -2253.860177
664745.876528 1294574.436389 -2254.108786
664756.991019 1294549.264259 -2253.878684
664768.105509 1294524.092130 -2253.479326
664779.220000 1294498.920000 -2252.438069
