FFASCI 0 1 "LINES" 0 1e+10
FFATTR 0 1
->1
662378.490000 1299936.100000 0.000000
662389.604491 1299910.927870 0.000000
662400.718981 1299885.755741 0.000000
662411.833472 1299860.583611 0.000000
662422.947963 1299835.411481 0.000000
662434.062454 1299810.239352 0.000000
662445.176944 1299785.067222 0.000000
662456.291435 1299759.895093 0.000000
662467.405926 1299734.722963 0.000000
662478.520417 1299709.550833 0.000000
662489.634907 1299684.378704 0.000000
662500.749398 1299659.206574 0.000000
662511.863889 1299634.034444 0.000000
662522.978380 1299608.862315 0.000000
662534.092870 1299583.690185 0.000000
662545.207361 1299558.518056 0.000000
662556.321852 1299533.345926 0.000000
662567.436343 1299508.173796 0.000000
662578.550833 1299483.001667 0.000000
662589.665324 1299457.829537 0.000000
662600.779815 1299432.657407 0.000000
662611.894306 1299407.485278 0.000000
662623.008796 1299382.313148 0.000000
662634.123287 1299357.141019 0.000000
662645.237778 1299331.968889 0.000000
662656.352269 1299306.796759 0.000000
662667.466759 1299281.624630 0.000000
662678.581250 1299256.452500 0.000000
662689.695741 1299231.280370 0.000000
662700.810231 1299206.108241 0.000000
662711.924722 1299180.936111 0.000000
662723.039213 1299155.763981 0.000000
662734.153704 1299130.591852 0.000000
662745.268194 1299105.419722 0.000000
662756.382685 1299080.247593 0.000000
662767.497176 1299055.075463 0.000000
662778.611667 1299029.903333 0.000000
662789.726157 1299004.731204 0.000000
662800.840648 1298979.559074 0.000000
662811.955139 1298954.386944 0.000000
662823.069630 1298929.214815 0.000000
662834.184120 1298904.042685 0.000000
662845.298611 1298878.870556 0.000000
662856.413102 1298853.698426 0.000000
662867.527593 1298828.526296 0.000000
662878.642083 1298803.354167 0.000000
662889.756574 1298778.182037 0.000000
662900.871065 1298753.009907 0.000000
662911.985556 1298727.837778 0.000000
662923.100046 1298702.665648 0.000000
662934.214537 1298677.493519 0.000000
662945.329028 1298652.321389 0.000000
662956.443519 1298627.149259 0.000000
662967.558009 1298601.977130 0.000000
662978.672500 1298576.805000 0.000000
662989.786991 1298551.632870 0.000000
663000.901481 1298526.460741 0.000000
663012.015972 1298501.288611 0.000000
663023.130463 1298476.116481 0.000000
663034.244954 1298450.944352 0.000000
663045.359444 1298425.772222 0.000000
663056.473935 1298400.600093 0.000000
663067.588426 1298375.427963 0.000000
663078.702917 1298350.255833 0.000000
663089.817407 1298325.083704 0.000000
663100.931898 1298299.911574 0.000000
663112.046389 1298274.739444 0.000000
663123.160880 1298249.567315 0.000000
663134.275370 1298224.395185 0.000000
663145.389861 1298199.223056 0.000000
663156.504352 1298174.050926 0.000000
663167.618843 1298148.878796 0.000000
663178.733333 1298123.706667 0.000000
663189.847824 1298098.534537 0.000000
663200.962315 1298073.362407 0.000000
663212.076806 1298048.190278 0.000000
663223.191296 1298023.018148 0.000000
663234.305787 1297997.846019 0.000000
663245.420278 1297972.673889 0.000000
663256.534769 1297947.501759 0.000000
663267.649259 1297922.329630 0.000000
663278.763750 1297897.157500 0.000000
663289.878241 1297871.985370 0.000000
663300.992731 1297846.813241 0.000000
663312.107222 1297821.641111 0.000000
663323.221713 1297796.468981 0.000000
663334.336204 1297771.296852 0.000000
663345.450694 1297746.124722 0.000000
663356.565185 1297720.952593 0.000000
663367.679676 1297695.780463 0.000000
663378.794167 1297670.608333 0.000000
663389.908657 1297645.436204 0.000000
663401.023148 1297620.264074 0.000000
663412.137639 1297595.091944 0.000000
663423.252130 1297569.919815 0.000000
663434.366620 1297544.747685 0.000000
663445.481111 1297519.575556 0.000000
663456.595602 1297494.403426 0.000000
663467.710093 1297469.231296 0.000000
663478.824583 1297444.059167 0.000000
663489.939074 1297418.887037 0.000000
663501.053565 1297393.714907 0.000000
663512.168056 1297368.542778 0.000000
663523.282546 1297343.370648 0.000000
663534.397037 1297318.198519 0.000000
663545.511528 1297293.026389 0.000000
663556.626019 1297267.854259 0.000000
663567.740509 1297242.682130 0.000000
663578.855000 1297217.510000 0.000000
663589.969491 1297192.337870 0.000000
663601.083981 1297167.165741 0.000000
663612.198472 1297141.993611 0.000000
663623.312963 1297116.821481 0.000000
663634.427454 1297091.649352 0.000000
663645.541944 1297066.477222 0.000000
663656.656435 1297041.305093 0.000000
663667.770926 1297016.132963 0.000000
663678.885417 1296990.960833 0.000000
663689.999907 1296965.788704 0.000000
663701.114398 1296940.616574 0.000000
663712.228889 1296915.444444 0.000000
663723.343380 1296890.272315 0.000000
663734.457870 1296865.100185 0.000000
663745.572361 1296839.928056 0.000000
663756.686852 1296814.755926 0.000000
663767.801343 1296789.583796 0.000000
663778.915833 1296764.411667 0.000000
663790.030324 1296739.239537 0.000000
663801.144815 1296714.067407 0.000000
663812.259306 1296688.895278 0.000000
663823.373796 1296663.723148 0.000000
663834.488287 1296638.551019 0.000000
663845.602778 1296613.378889 0.000000
663856.717269 1296588.206759 0.000000
663867.831759 1296563.034630 0.000000
663878.946250 1296537.862500 0.000000
663890.060741 1296512.690370 0.000000
663901.175231 1296487.518241 0.000000
663912.289722 1296462.346111 0.000000
663923.404213 1296437.173981 0.000000
663934.518704 1296412.001852 0.000000
663945.633194 1296386.829722 0.000000
663956.747685 1296361.657593 0.000000
663967.862176 1296336.485463 0.000000
663978.976667 1296311.313333 0.000000
663990.091157 1296286.141204 0.000000
664001.205648 1296260.969074 0.000000
664012.320139 1296235.796944 0.000000
664023.434630 1296210.624815 0.000000
664034.549120 1296185.452685 0.000000
664045.663611 1296160.280556 0.000000
664056.778102 1296135.108426 0.000000
664067.892593 1296109.936296 0.000000
664079.007083 1296084.764167 0.000000
664090.121574 1296059.592037 0.000000
664101.236065 1296034.419907 0.000000
664112.350556 1296009.247778 0.000000
664123.465046 1295984.075648 0.000000
664134.579537 1295958.903519 0.000000
664145.694028 1295933.731389 0.000000
664156.808519 1295908.559259 0.000000
664167.923009 1295883.387130 0.000000
664179.037500 1295858.215000 0.000000
664190.151991 1295833.042870 0.000000
664201.266481 1295807.870741 0.000000
664212.380972 1295782.698611 0.000000
664223.495463 1295757.526481 0.000000
664234.609954 1295732.354352 0.000000
664245.724444 1295707.182222 0.000000
664256.838935 1295682.010093 0.000000
664267.953426 1295656.837963 0.000000
664279.067917 1295631.665833 0.000000
664290.182407 1295606.493704 0.000000
664301.296898 1295581.321574 0.000000
664312.411389 1295556.149444 0.000000
664323.525880 1295530.977315 0.000000
664334.640370 1295505.805185 0.000000
664345.754861 1295480.633056 0.000000
664356.869352 1295455.460926 0.000000
664367.983843 1295430.288796 0.000000
664379.098333 1295405.116667 0.000000
664390.212824 1295379.944537 0.000000
664401.327315 1295354.772407 0.000000
664412.441806 1295329.600278 0.000000
664423.556296 1295304.428148 0.000000
664434.670787 1295279.256019 0.000000
664445.785278 1295254.083889 0.000000
664456.899769 1295228.911759 0.000000
664468.014259 1295203.739630 0.000000
664479.128750 1295178.567500 0.000000
664490.243241 1295153.395370 0.000000
664501.357731 1295128.223241 0.000000
664512.472222 1295103.051111 0.000000
664523.586713 1295077.878981 0.000000
664534.701204 1295052.706852 0.000000
664545.815694 1295027.534722 0.000000
664556.930185 1295002.362593 0.000000
664568.044676 1294977.190463 0.000000
664579.159167 1294952.018333 0.000000
664590.273657 1294926.846204 0.000000
664601.388148 1294901.674074 0.000000
664612.502639 1294876.501944 0.000000
664623.617130 1294851.329815 0.000000
664634.731620 1294826.157685 0.000000
664645.846111 1294800.985556 0.000000
664656.960602 1294775.813426 0.000000
664668.075093 1294750.641296 0.000000
664679.189583 1294725.469167 0.000000
664690.304074 1294700.297037 0.000000
664701.418565 1294675.124907 0.000000
664712.533056 1294649.952778 0.000000
664723.647546 1294624.780648 0.000000
664734.762037 1294599.608519 0.000000
664745.876528 1294574.436389 0.000000
664756.991019 1294549.264259 0.000000
664768.105509 1294524.092130 0.000000
664779.220000 1294498.920000 0.000000
