FFASCI 0 1 "LINES" 0 1e+10
FFATTR 0 1
->1
662378.490000 1299936.100000 -2357.486980
662389.604491 1299910.927870 -2357.336108
662400.718981 1299885.755741 -2356.933170
662411.833472 1299860.583611 -2356.330139
662422.947963 1299835.411481 -2355.513267
662434.062454 1299810.239352 -2355.002831
662445.176944 1299785.067222 -2354.523171
662456.291435 1299759.895093 -2354.084240
662467.405926 1299734.722963 -2353.963770
662478.520417 1299709.550833 -2353.989212
662489.634907 1299684.378704 -2354.222979
662500.749398 1299659.206574 -2354.640121
662511.863889 1299634.034444 -2355.120998
662522.978380 1299608.862315 -2355.550951
662534.092870 1299583.690185 -2356.246533
662545.207361 1299558.518056 -2356.899242
662556.321852 1299533.345926 -2357.442289
662567.436343 1299508.173796 -2357.724740
662578.550833 1299483.001667 -2357.636349
662589.665324 1299457.829537 -2357.137309
662600.779815 1299432.657407 -2356.929505
662611.894306 1299407.485278 -2356.709233
662623.008796 1299382.313148 -2356.309501
662634.123287 1299357.141019 -2355.669660
662645.237778 1299331.968889 -2354.867175
662656.352269 1299306.796759 -2354.081082
662667.466759 1299281.624630 -2353.453938
662678.581250 1299256.452500 -2352.997122
662689.695741 1299231.280370 -2352.580268
662700.810231 1299206.108241 -2352.337212
662711.924722 1299180.936111 -2352.402365
662723.039213 1299155.763981 -2352.551788
662734.153704 1299130.591852 -2352.789724
662745.268194 1299105.419722 -2353.053946
662756.382685 1299080.247593 -2353.338286
662767.497176 1299055.075463 -2353.651096
662778.611667 1299029.903333 -2353.961551
662789.726157 1299004.731204 -2354.228407
662800.840648 1298979.559074 -2354.184382
662811.955139 1298954.386944 -2354.170066
662823.069630 1298929.214815 -2354.076994
662834.184120 1298904.042685 -2353.924989
662845.298611 1298878.870556 -2353.765600
662856.413102 1298853.698426 -2353.581568
662867.527593 1298828.526296 -2353.497943
662878.642083 1298803.354167 -2353.604275
662889.756574 1298778.182037 -2353.699037
662900.871065 1298753.009907 -2353.526856
662911.985556 1298727.837778 -2352.843023
662923.100046 1298702.665648 -2352.117426
662934.214537 1298677.493519 -2351.563264
662945.329028 1298652.321389 -2350.958862
662956.443519 1298627.149259 -2350.526741
662967.558009 1298601.977130 -2350.067898
662978.672500 1298576.805000 -2350.025840
662989.786991 1298551.632870 -2349.944652
663000.901481 1298526.460741 -2350.177235
663012.015972 1298501.288611 -2350.340746
663023.130463 1298476.116481 -2351.017797
663034.244954 1298450.944352 -2351.611427
663045.359444 1298425.772222 -2352.413601
663056.473935 1298400.600093 -2353.307502
663067.588426 1298375.427963 -2353.827782
663078.702917 1298350.255833 -2354.390946
663089.817407 1298325.083704 -2353.605791
663100.931898 1298299.911574 -2352.496468
663112.046389 1298274.739444 -2350.906369
663123.160880 1298249.567315 -2349.328468
663134.275370 1298224.395185 -2347.931936
663145.389861 1298199.223056 -2347.235775
663156.504352 1298174.050926 -2347.314477
663167.618843 1298148.878796 -2347.482035
663178.733333 1298123.706667 -2347.908198
663189.847824 1298098.534537 -2347.673246
663200.962315 1298073.362407 -2346.746255
663212.076806 1298048.190278 -2345.411124
663223.191296 1298023.018148 -2343.937190
663234.305787 1297997.846019 -2342.714183
663245.420278 1297972.673889 -2341.525119
663256.534769 1297947.501759 -2340.364312
663267.649259 1297922.329630 -2339.094128
663278.763750 1297897.157500 -2337.914834
663289.878241 1297871.985370 -2336.887204
663300.992731 1297846.813241 -2335.901753
663312.107222 1297821.641111 -2335.152337
663323.221713 1297796.468981 -2334.411679
663334.336204 1297771.296852 -2333.724702
663345.450694 1297746.124722 -2332.876712
663356.565185 1297720.952593 -2331.889049
663367.679676 1297695.780463 -2330.970853
663378.794167 1297670.608333 -2330.332684
663389.908657 1297645.436204 -2329.589987
663401.023148 1297620.264074 -2329.134607
663412.137639 1297595.091944 -2328.650154
663423.252130 1297569.919815 -2328.348983
663434.366620 1297544.747685 -2327.985107
663445.481111 1297519.575556 -2327.740478
663456.595602 1297494.403426 -2327.423595
663467.710093 1297469.231296 -2326.655620
663478.824583 1297444.059167 -2325.656992
663489.939074 1297418.887037 -2323.931181
663501.053565 1297393.714907 -2321.904755
663512.168056 1297368.542778 -2318.827439
663523.282546 1297343.370648 -2315.813955
663534.397037 1297318.198519 -2312.979019
663545.511528 1297293.026389 -2310.344336
663556.626019 1297267.854259 -2308.000331
663567.740509 1297242.682130 -2306.210562
663578.855000 1297217.510000 -2304.619081
663589.969491 1297192.337870 -2303.216335
663601.083981 1297167.165741 -2302.176660
663612.198472 1297141.993611 -2301.241546
663623.312963 1297116.821481 -2301.720665
663634.427454 1297091.649352 -2302.163095
663645.541944 1297066.477222 -2302.476243
663656.656435 1297041.305093 -2302.665100
663667.770926 1297016.132963 -2302.633275
663678.885417 1296990.960833 -2302.754824
663689.999907 1296965.788704 -2303.150114
663701.114398 1296940.616574 -2303.104958
663712.228889 1296915.444444 -2302.823776
663723.343380 1296890.272315 -2302.046948
663734.457870 1296865.100185 -2300.493928
663745.572361 1296839.928056 -2299.164793
663756.686852 1296814.755926 -2297.927111
663767.801343 1296789.583796 -2296.723161
663778.915833 1296764.411667 -2295.156875
663790.030324 1296739.239537 -2293.167253
663801.144815 1296714.067407 -2290.726767
663812.259306 1296688.895278 -2288.604080
663823.373796 1296663.723148 -2286.901898
663834.488287 1296638.551019 -2286.074150
663845.602778 1296613.378889 -2286.241566
663856.717269 1296588.206759 -2285.828141
663867.831759 1296563.034630 -2284.784664
663878.946250 1296537.862500 -2284.453614
663890.060741 1296512.690370 -2284.887648
663901.175231 1296487.518241 -2285.881059
663912.289722 1296462.346111 -2287.621970
663923.404213 1296437.173981 -2288.645040
663934.518704 1296412.001852 -2289.966610
663945.633194 1296386.829722 -2291.172232
663956.747685 1296361.657593 -2292.232747
663967.862176 1296336.485463 -2293.774669
663978.976667 1296311.313333 -2295.307038
663990.091157 1296286.141204 -2295.550678
664001.205648 1296260.969074 -2294.870000
664012.320139 1296235.796944 -2293.542957
664023.434630 1296210.624815 -2291.896694
664034.549120 1296185.452685 -2290.065464
664045.663611 1296160.280556 -2288.099142
664056.778102 1296135.108426 -2286.102147
664067.892593 1296109.936296 -2284.402858
664079.007083 1296084.764167 -2283.981522
664090.121574 1296059.592037 -2284.212313
664101.236065 1296034.419907 -2285.306538
664112.350556 1296009.247778 -2286.885926
664123.465046 1295984.075648 -2287.772735
664134.579537 1295958.903519 -2288.013117
664145.694028 1295933.731389 -2288.289494
664156.808519 1295908.559259 -2288.533646
664167.923009 1295883.387130 -2288.831126
664179.037500 1295858.215000 -2289.723763
664190.151991 1295833.042870 -2291.135886
664201.266481 1295807.870741 -2293.174064
664212.380972 1295782.698611 -2294.160942
664223.495463 1295757.526481 -2294.877787
664234.609954 1295732.354352 -2296.205768
664245.724444 1295707.182222 -2297.794420
664256.838935 1295682.010093 -2299.167066
664267.953426 1295656.837963 -2300.369357
664279.067917 1295631.665833 -2300.970408
664290.182407 1295606.493704 -2301.333806
664301.296898 1295581.321574 -2301.305310
664312.411389 1295556.149444 -2300.910091
664323.525880 1295530.977315 -2300.045993
664334.640370 1295505.805185 -2299.733037
664345.754861 1295480.633056 -2298.833426
664356.869352 1295455.460926 -2297.585759
664367.983843 1295430.288796 -2296.945639
664379.098333 1295405.116667 -2295.944840
664390.212824 1295379.944537 -2295.396072
664401.327315 1295354.772407 -2295.126052
664412.441806 1295329.600278 -2296.312141
664423.556296 1295304.428148 -2296.611899
664434.670787 1295279.256019 -2296.836001
664445.785278 1295254.083889 -2297.235327
664456.899769 1295228.911759 -2297.582362
664468.014259 1295203.739630 -2298.047243
664479.128750 1295178.567500 -2297.647604
664490.243241 1295153.395370 -2297.283053
664501.357731 1295128.223241 -2295.977724
664512.472222 1295103.051111 -2294.374680
664523.586713 1295077.878981 -2293.771294
664534.701204 1295052.706852 -2292.502337
664545.815694 1295027.534722 -2290.360149
664556.930185 1295002.362593 -2288.263726
664568.044676 1294977.190463 -2286.644635
664579.159167 1294952.018333 -2285.041822
664590.273657 1294926.846204 -2283.581685
664601.388148 1294901.674074 -2282.137808
664612.502639 1294876.501944 -2281.173697
664623.617130 1294851.329815 -2280.632973
664634.731620 1294826.157685 -2281.021635
664645.846111 1294800.985556 -2281.714658
664656.960602 1294775.813426 -2284.140944
664668.075093 1294750.641296 -2286.626066
664679.189583 1294725.469167 -2287.715158
664690.304074 1294700.297037 -2288.616490
664701.418565 1294675.124907 -2289.961646
664712.533056 1294649.952778 -2291.166259
664723.647546 1294624.780648 -2291.970452
664734.762037 1294599.608519 -2291.627952
664745.876528 1294574.436389 -2291.634039
664756.991019 1294549.264259 -2291.602998
664768.105509 1294524.092130 -2291.177363
664779.220000 1294498.920000 -2289.988873
