FFASCI 0 1 "LINES" 0 1e+10
FFATTR 0 1
->1
662378.490000 1299936.100000 -1680.017109
662389.604491 1299910.927870 -1680.053645
662400.718981 1299885.755741 -1680.034293
662411.833472 1299860.583611 -1679.988924
662422.947963 1299835.411481 -1679.968359
662434.062454 1299810.239352 -1679.945589
662445.176944 1299785.067222 -1679.889965
662456.291435 1299759.895093 -1679.846528
662467.405926 1299734.722963 -1679.767652
662478.520417 1299709.550833 -1679.705619
662489.634907 1299684.378704 -1679.596383
662500.749398 1299659.206574 -1679.425199
662511.863889 1299634.034444 -1679.214550
662522.978380 1299608.862315 -1678.991364
662534.092870 1299583.690185 -1678.761887
662545.207361 1299558.518056 -1678.528991
662556.321852 1299533.345926 -1678.376641
662567.436343 1299508.173796 -1678.263512
662578.550833 1299483.001667 -1678.195660
662589.665324 1299457.829537 -1678.152912
662600.779815 1299432.657407 -1678.140424
662611.894306 1299407.485278 -1678.149400
662623.008796 1299382.313148 -1678.125431
662634.123287 1299357.141019 -1678.120522
662645.237778 1299331.968889 -1678.161509
662656.352269 1299306.796759 -1678.180890
662667.466759 1299281.624630 -1678.023630
662678.581250 1299256.452500 -1677.786117
662689.695741 1299231.280370 -1677.517448
662700.810231 1299206.108241 -1677.284439
662711.924722 1299180.936111 -1677.174459
662723.039213 1299155.763981 -1677.086486
662734.153704 1299130.591852 -1677.022798
662745.268194 1299105.419722 -1676.971507
662756.382685 1299080.247593 -1676.964947
662767.497176 1299055.075463 -1676.972159
662778.611667 1299029.903333 -1677.044234
662789.726157 1299004.731204 -1676.923626
662800.840648 1298979.559074 -1676.873943
662811.955139 1298954.386944 -1676.876300
662823.069630 1298929.214815 -1676.828502
662834.184120 1298904.042685 -1676.794986
662845.298611 1298878.870556 -1676.738346
662856.413102 1298853.698426 -1676.663388
662867.527593 1298828.526296 -1676.544373
662878.642083 1298803.354167 -1676.402675
662889.756574 1298778.182037 -1676.165364
662900.871065 1298753.009907 -1675.910100
662911.985556 1298727.837778 -1675.655244
662923.100046 1298702.665648 -1675.459074
662934.214537 1298677.493519 -1675.493285
662945.329028 1298652.321389 -1675.539331
662956.443519 1298627.149259 -1675.505880
662967.558009 1298601.977130 -1675.476404
662978.672500 1298576.805000 -1675.487760
662989.786991 1298551.632870 -1675.644878
663000.901481 1298526.460741 -1675.769864
663012.015972 1298501.288611 -1675.901069
663023.130463 1298476.116481 -1675.923002
663034.244954 1298450.944352 -1676.013406
663045.359444 1298425.772222 -1675.926980
663056.473935 1298400.600093 -1675.863423
663067.588426 1298375.427963 -1675.939580
663078.702917 1298350.255833 -1675.844177
663089.817407 1298325.083704 -1675.728506
663100.931898 1298299.911574 -1675.610759
663112.046389 1298274.739444 -1675.451730
663123.160880 1298249.567315 -1675.295621
663134.275370 1298224.395185 -1675.339629
663145.389861 1298199.223056 -1675.338180
663156.504352 1298174.050926 -1675.361301
663167.618843 1298148.878796 -1675.369175
663178.733333 1298123.706667 -1675.263783
663189.847824 1298098.534537 -1675.189466
663200.962315 1298073.362407 -1675.149380
663212.076806 1298048.190278 -1675.064893
663223.191296 1298023.018148 -1674.820963
663234.305787 1297997.846019 -1674.579290
663245.420278 1297972.673889 -1674.416115
663256.534769 1297947.501759 -1674.233595
663267.649259 1297922.329630 -1674.021156
663278.763750 1297897.157500 -1673.790026
663289.878241 1297871.985370 -1673.658290
663300.992731 1297846.813241 -1673.508619
663312.107222 1297821.641111 -1673.244973
663323.221713 1297796.468981 -1672.931893
663334.336204 1297771.296852 -1672.589173
663345.450694 1297746.124722 -1672.263193
663356.565185 1297720.952593 -1671.805885
663367.679676 1297695.780463 -1671.310921
663378.794167 1297670.608333 -1670.860481
663389.908657 1297645.436204 -1670.491281
663401.023148 1297620.264074 -1670.229320
663412.137639 1297595.091944 -1669.954683
663423.252130 1297569.919815 -1669.659830
663434.366620 1297544.747685 -1669.323486
663445.481111 1297519.575556 -1668.853549
663456.595602 1297494.403426 -1668.370003
663467.710093 1297469.231296 -1667.783777
663478.824583 1297444.059167 -1667.234116
663489.939074 1297418.887037 -1666.813505
663501.053565 1297393.714907 -1666.361746
663512.168056 1297368.542778 -1665.767226
663523.282546 1297343.370648 -1665.195689
663534.397037 1297318.198519 -1664.639990
663545.511528 1297293.026389 -1664.087956
663556.626019 1297267.854259 -1663.725369
663567.740509 1297242.682130 -1663.393598
663578.855000 1297217.510000 -1663.128610
663589.969491 1297192.337870 -1662.917615
663601.083981 1297167.165741 -1662.562794
663612.198472 1297141.993611 -1662.143187
663623.312963 1297116.821481 -1661.890887
663634.427454 1297091.649352 -1661.580766
663645.541944 1297066.477222 -1661.175696
663656.656435 1297041.305093 -1660.692373
663667.770926 1297016.132963 -1660.040312
663678.885417 1296990.960833 -1659.522565
663689.999907 1296965.788704 -1659.162405
663701.114398 1296940.616574 -1658.798369
663712.228889 1296915.444444 -1658.626530
663723.343380 1296890.272315 -1658.371244
663734.457870 1296865.100185 -1657.691318
663745.572361 1296839.928056 -1656.891061
663756.686852 1296814.755926 -1656.653006
663767.801343 1296789.583796 -1656.497349
663778.915833 1296764.411667 -1656.301357
663790.030324 1296739.239537 -1656.251718
663801.144815 1296714.067407 -1655.539513
663812.259306 1296688.895278 -1655.217485
663823.373796 1296663.723148 -1655.112094
663834.488287 1296638.551019 -1655.200017
663845.602778 1296613.378889 -1655.468484
663856.717269 1296588.206759 -1655.417230
663867.831759 1296563.034630 -1655.024093
663878.946250 1296537.862500 -1654.828872
663890.060741 1296512.690370 -1654.846196
663901.175231 1296487.518241 -1654.852937
663912.289722 1296462.346111 -1654.925943
663923.404213 1296437.173981 -1654.909738
663934.518704 1296412.001852 -1654.819695
663945.633194 1296386.829722 -1654.697728
663956.747685 1296361.657593 -1654.500452
663967.862176 1296336.485463 -1654.549133
663978.976667 1296311.313333 -1654.814003
663990.091157 1296286.141204 -1654.732477
664001.205648 1296260.969074 -1654.310239
664012.320139 1296235.796944 -1654.235786
664023.434630 1296210.624815 -1654.272403
664034.549120 1296185.452685 -1654.225582
664045.663611 1296160.280556 -1654.282337
664056.778102 1296135.108426 -1654.251529
664067.892593 1296109.936296 -1654.161054
664079.007083 1296084.764167 -1654.044727
664090.121574 1296059.592037 -1653.942995
664101.236065 1296034.419907 -1654.200126
664112.350556 1296009.247778 -1654.669204
664123.465046 1295984.075648 -1654.849557
664134.579537 1295958.903519 -1654.947164
664145.694028 1295933.731389 -1655.051976
664156.808519 1295908.559259 -1654.996783
664167.923009 1295883.387130 -1654.988167
664179.037500 1295858.215000 -1654.962555
664190.151991 1295833.042870 -1655.087319
664201.266481 1295807.870741 -1655.290987
664212.380972 1295782.698611 -1655.250935
664223.495463 1295757.526481 -1655.117221
664234.609954 1295732.354352 -1655.316325
664245.724444 1295707.182222 -1655.820228
664256.838935 1295682.010093 -1656.061477
664267.953426 1295656.837963 -1656.164543
664279.067917 1295631.665833 -1656.370487
664290.182407 1295606.493704 -1656.612951
664301.296898 1295581.321574 -1656.895189
664312.411389 1295556.149444 -1657.078029
664323.525880 1295530.977315 -1657.376604
664334.640370 1295505.805185 -1657.586932
664345.754861 1295480.633056 -1657.584036
664356.869352 1295455.460926 -1657.442570
664367.983843 1295430.288796 -1657.335869
664379.098333 1295405.116667 -1657.259247
664390.212824 1295379.944537 -1657.205590
664401.327315 1295354.772407 -1657.202121
664412.441806 1295329.600278 -1657.153149
664423.556296 1295304.428148 -1657.111857
664434.670787 1295279.256019 -1656.947194
664445.785278 1295254.083889 -1656.756574
664456.899769 1295228.911759 -1656.735098
664468.014259 1295203.739630 -1656.833439
664479.128750 1295178.567500 -1657.066018
664490.243241 1295153.395370 -1657.100914
664501.357731 1295128.223241 -1656.834859
664512.472222 1295103.051111 -1656.525772
664523.586713 1295077.878981 -1656.899597
664534.701204 1295052.706852 -1657.351601
664545.815694 1295027.534722 -1657.439303
664556.930185 1295002.362593 -1657.400785
664568.044676 1294977.190463 -1657.414754
664579.159167 1294952.018333 -1657.407228
664590.273657 1294926.846204 -1657.497496
664601.388148 1294901.674074 -1657.588639
664612.502639 1294876.501944 -1657.547329
664623.617130 1294851.329815 -1657.498944
664634.731620 1294826.157685 -1657.311340
664645.846111 1294800.985556 -1657.094760
664656.960602 1294775.813426 -1657.411543
664668.075093 1294750.641296 -1657.764062
664679.189583 1294725.469167 -1657.722672
664690.304074 1294700.297037 -1657.632696
664701.418565 1294675.124907 -1657.719354
664712.533056 1294649.952778 -1657.888285
664723.647546 1294624.780648 -1658.055699
664734.762037 1294599.608519 -1658.273443
664745.876528 1294574.436389 -1658.645704
664756.991019 1294549.264259 -1658.979383
664768.105509 1294524.092130 -1659.115798
664779.220000 1294498.920000 -1658.998644
