FFASCI 0 1 "LINES" 0 1e+10
FFATTR 0 1
->1
662378.490000 1299936.100000 -429.377440
662389.604491 1299910.927870 -429.104759
662400.718981 1299885.755741 -428.658795
662411.833472 1299860.583611 -427.850235
662422.947963 1299835.411481 -427.108643
662434.062454 1299810.239352 -426.494109
662445.176944 1299785.067222 -426.201615
662456.291435 1299759.895093 -426.376404
662467.405926 1299734.722963 -426.887459
662478.520417 1299709.550833 -427.517738
662489.634907 1299684.378704 -427.989105
662500.749398 1299659.206574 -428.208052
662511.863889 1299634.034444 -428.095042
662522.978380 1299608.862315 -427.840729
662534.092870 1299583.690185 -427.636986
662545.207361 1299558.518056 -427.467289
662556.321852 1299533.345926 -427.325279
662567.436343 1299508.173796 -427.205071
662578.550833 1299483.001667 -426.806938
662589.665324 1299457.829537 -426.391166
662600.779815 1299432.657407 -426.220136
662611.894306 1299407.485278 -426.265909
662623.008796 1299382.313148 -426.119220
662634.123287 1299357.141019 -426.042166
662645.237778 1299331.968889 -426.041384
662656.352269 1299306.796759 -426.207190
662667.466759 1299281.624630 -426.375484
662678.581250 1299256.452500 -426.563932
662689.695741 1299231.280370 -426.771838
662700.810231 1299206.108241 -426.988322
662711.924722 1299180.936111 -427.123194
662723.039213 1299155.763981 -427.135810
662734.153704 1299130.591852 -426.878162
662745.268194 1299105.419722 -426.576472
662756.382685 1299080.247593 -426.111624
662767.497176 1299055.075463 -425.680835
662778.611667 1299029.903333 -425.536614
662789.726157 1299004.731204 -425.552895
662800.840648 1298979.559074 -425.509422
662811.955139 1298954.386944 -425.410939
662823.069630 1298929.214815 -425.125625
662834.184120 1298904.042685 -424.763055
662845.298611 1298878.870556 -424.663185
662856.413102 1298853.698426 -424.629230
662867.527593 1298828.526296 -424.684111
662878.642083 1298803.354167 -424.889997
662889.756574 1298778.182037 -425.031112
662900.871065 1298753.009907 -425.161587
662911.985556 1298727.837778 -425.517170
662923.100046 1298702.665648 -425.938842
662934.214537 1298677.493519 -425.612611
662945.329028 1298652.321389 -425.224755
662956.443519 1298627.149259 -424.795079
662967.558009 1298601.977130 -424.419302
662978.672500 1298576.805000 -424.430439
662989.786991 1298551.632870 -424.547072
663000.901481 1298526.460741 -424.681922
663012.015972 1298501.288611 -424.902791
663023.130463 1298476.116481 -424.697632
663034.244954 1298450.944352 -424.519695
663045.359444 1298425.772222 -424.533301
663056.473935 1298400.600093 -424.718384
663067.588426 1298375.427963 -425.102151
663078.702917 1298350.255833 -425.525440
663089.817407 1298325.083704 -425.823127
663100.931898 1298299.911574 -426.105232
663112.046389 1298274.739444 -426.165745
663123.160880 1298249.567315 -426.282447
663134.275370 1298224.395185 -426.236050
663145.389861 1298199.223056 -426.209012
663156.504352 1298174.050926 -426.155848
663167.618843 1298148.878796 -426.120198
663178.733333 1298123.706667 -425.864340
663189.847824 1298098.534537 -425.590188
663200.962315 1298073.362407 -425.395058
663212.076806 1298048.190278 -425.232065
663223.191296 1298023.018148 -425.031485
663234.305787 1297997.846019 -424.812087
663245.420278 1297972.673889 -424.723024
663256.534769 1297947.501759 -424.709065
663267.649259 1297922.329630 -424.954344
663278.763750 1297897.157500 -425.232966
663289.878241 1297871.985370 -425.727429
663300.992731 1297846.813241 -426.220547
663312.107222 1297821.641111 -426.686120
663323.221713 1297796.468981 -426.946559
663334.336204 1297771.296852 -427.112795
663345.450694 1297746.124722 -427.404432
663356.565185 1297720.952593 -427.228708
663367.679676 1297695.780463 -427.345818
663378.794167 1297670.608333 -427.831506
663389.908657 1297645.436204 -428.954737
663401.023148 1297620.264074 -429.611810
663412.137639 1297595.091944 -429.890058
663423.252130 1297569.919815 -429.621087
663434.366620 1297544.747685 -429.245390
663445.481111 1297519.575556 -429.149111
663456.595602 1297494.403426 -429.055911
663467.710093 1297469.231296 -429.053382
663478.824583 1297444.059167 -429.046344
663489.939074 1297418.887037 -429.027486
663501.053565 1297393.714907 -429.007707
663512.168056 1297368.542778 -429.049152
663523.282546 1297343.370648 -429.103987
663534.397037 1297318.198519 -429.196272
663545.511528 1297293.026389 -429.254455
663556.626019 1297267.854259 -429.319885
663567.740509 1297242.682130 -429.336472
663578.855000 1297217.510000 -429.250956
663589.969491 1297192.337870 -429.158819
663601.083981 1297167.165741 -429.118653
663612.198472 1297141.993611 -429.054614
663623.312963 1297116.821481 -429.048588
663634.427454 1297091.649352 -429.043010
663645.541944 1297066.477222 -429.039270
663656.656435 1297041.305093 -429.045598
663667.770926 1297016.132963 -429.075718
663678.885417 1296990.960833 -429.080376
663689.999907 1296965.788704 -429.067152
663701.114398 1296940.616574 -429.112783
663712.228889 1296915.444444 -429.243982
663723.343380 1296890.272315 -429.534228
663734.457870 1296865.100185 -429.918752
663745.572361 1296839.928056 -430.072450
663756.686852 1296814.755926 -429.703159
663767.801343 1296789.583796 -429.392737
663778.915833 1296764.411667 -428.996004
663790.030324 1296739.239537 -428.827021
663801.144815 1296714.067407 -428.920039
663812.259306 1296688.895278 -429.184112
663823.373796 1296663.723148 -429.524022
663834.488287 1296638.551019 -429.851080
663845.602778 1296613.378889 -429.943277
663856.717269 1296588.206759 -430.080450
663867.831759 1296563.034630 -430.258513
663878.946250 1296537.862500 -430.574248
663890.060741 1296512.690370 -431.112222
663901.175231 1296487.518241 -431.489309
663912.289722 1296462.346111 -431.449484
663923.404213 1296437.173981 -431.184749
663934.518704 1296412.001852 -430.806953
663945.633194 1296386.829722 -430.329878
663956.747685 1296361.657593 -429.712535
663967.862176 1296336.485463 -429.108812
663978.976667 1296311.313333 -428.728981
663990.091157 1296286.141204 -428.461242
664001.205648 1296260.969074 -428.439049
664012.320139 1296235.796944 -428.552312
664023.434630 1296210.624815 -428.633951
664034.549120 1296185.452685 -428.678242
664045.663611 1296160.280556 -428.858168
664056.778102 1296135.108426 -428.925989
664067.892593 1296109.936296 -428.917103
664079.007083 1296084.764167 -428.872081
664090.121574 1296059.592037 -428.885256
664101.236065 1296034.419907 -428.999243
664112.350556 1296009.247778 -429.178206
664123.465046 1295984.075648 -429.196205
664134.579537 1295958.903519 -429.219944
664145.694028 1295933.731389 -429.014638
664156.808519 1295908.559259 -428.710091
664167.923009 1295883.387130 -428.431626
664179.037500 1295858.215000 -428.113471
664190.151991 1295833.042870 -427.998726
664201.266481 1295807.870741 -427.991961
664212.380972 1295782.698611 -428.052351
664223.495463 1295757.526481 -428.160709
664234.609954 1295732.354352 -428.108690
664245.724444 1295707.182222 -427.988265
664256.838935 1295682.010093 -427.821918
664267.953426 1295656.837963 -427.642493
664279.067917 1295631.665833 -427.444111
664290.182407 1295606.493704 -427.254476
664301.296898 1295581.321574 -427.058110
664312.411389 1295556.149444 -426.840797
664323.525880 1295530.977315 -426.787761
664334.640370 1295505.805185 -426.798352
664345.754861 1295480.633056 -426.874445
664356.869352 1295455.460926 -426.943615
664367.983843 1295430.288796 -427.044656
664379.098333 1295405.116667 -427.018594
664390.212824 1295379.944537 -427.066082
664401.327315 1295354.772407 -427.214368
664412.441806 1295329.600278 -427.514193
664423.556296 1295304.428148 -427.976707
664434.670787 1295279.256019 -428.547549
664445.785278 1295254.083889 -429.174538
664456.899769 1295228.911759 -429.454699
664468.014259 1295203.739630 -429.661609
664479.128750 1295178.567500 -429.552656
664490.243241 1295153.395370 -429.416449
664501.357731 1295128.223241 -429.184653
664512.472222 1295103.051111 -428.964606
664523.586713 1295077.878981 -428.997781
664534.701204 1295052.706852 -429.064123
664545.815694 1295027.534722 -428.994679
664556.930185 1295002.362593 -428.913373
664568.044676 1294977.190463 -428.880447
664579.159167 1294952.018333 -428.868984
664590.273657 1294926.846204 -429.447848
664601.388148 1294901.674074 -430.239563
664612.502639 1294876.501944 -430.038137
664623.617130 1294851.329815 -430.145208
664634.731620 1294826.157685 -429.666476
664645.846111 1294800.985556 -429.136350
664656.960602 1294775.813426 -429.675567
664668.075093 1294750.641296 -430.154424
664679.189583 1294725.469167 -429.785537
664690.304074 1294700.297037 -429.225485
664701.418565 1294675.124907 -428.522714
664712.533056 1294649.952778 -428.086294
664723.647546 1294624.780648 -428.129261
664734.762037 1294599.608519 -428.183443
664745.876528 1294574.436389 -428.331353
664756.991019 1294549.264259 -428.422793
664768.105509 1294524.092130 -428.682143
664779.220000 1294498.920000 -428.786968
