FFASCI 0 1 "LINES" 0 1e+10
FFATTR 0 1
->1
662378.490000 1299936.100000 -340.814015
662389.604491 1299910.927870 -340.623452
662400.718981 1299885.755741 -340.495646
662411.833472 1299860.583611 -340.501621
662422.947963 1299835.411481 -340.492459
662434.062454 1299810.239352 -340.576528
662445.176944 1299785.067222 -340.503748
662456.291435 1299759.895093 -340.216295
662467.405926 1299734.722963 -340.211295
662478.520417 1299709.550833 -340.350323
662489.634907 1299684.378704 -340.607070
662500.749398 1299659.206574 -340.889370
662511.863889 1299634.034444 -341.151357
662522.978380 1299608.862315 -341.364993
662534.092870 1299583.690185 -341.678086
662545.207361 1299558.518056 -342.045223
662556.321852 1299533.345926 -342.328270
662567.436343 1299508.173796 -342.497897
662578.550833 1299483.001667 -342.396484
662589.665324 1299457.829537 -341.534008
662600.779815 1299432.657407 -340.594627
662611.894306 1299407.485278 -339.924856
662623.008796 1299382.313148 -339.515368
662634.123287 1299357.141019 -339.139554
662645.237778 1299331.968889 -339.014808
662656.352269 1299306.796759 -338.918820
662667.466759 1299281.624630 -339.175916
662678.581250 1299256.452500 -339.629375
662689.695741 1299231.280370 -339.951105
662700.810231 1299206.108241 -340.356854
662711.924722 1299180.936111 -340.412589
662723.039213 1299155.763981 -340.376436
662734.153704 1299130.591852 -339.965614
662745.268194 1299105.419722 -339.443518
662756.382685 1299080.247593 -339.056370
662767.497176 1299055.075463 -338.733578
662778.611667 1299029.903333 -338.520334
662789.726157 1299004.731204 -338.620843
662800.840648 1298979.559074 -338.424565
662811.955139 1298954.386944 -337.791102
662823.069630 1298929.214815 -337.267353
662834.184120 1298904.042685 -336.883492
662845.298611 1298878.870556 -337.278833
662856.413102 1298853.698426 -337.865417
662867.527593 1298828.526296 -338.503151
662878.642083 1298803.354167 -338.948100
662889.756574 1298778.182037 -339.253078
662900.871065 1298753.009907 -339.523881
662911.985556 1298727.837778 -339.195177
662923.100046 1298702.665648 -338.830211
662934.214537 1298677.493519 -338.333384
662945.329028 1298652.321389 -337.822406
662956.443519 1298627.149259 -337.365950
662967.558009 1298601.977130 -336.919479
662978.672500 1298576.805000 -336.684204
662989.786991 1298551.632870 -336.445371
663000.901481 1298526.460741 -336.750935
663012.015972 1298501.288611 -337.675711
663023.130463 1298476.116481 -338.316359
663034.244954 1298450.944352 -338.442764
663045.359444 1298425.772222 -339.414467
663056.473935 1298400.600093 -340.180316
663067.588426 1298375.427963 -340.367957
663078.702917 1298350.255833 -340.196125
663089.817407 1298325.083704 -340.011292
663100.931898 1298299.911574 -340.229027
663112.046389 1298274.739444 -340.328249
663123.160880 1298249.567315 -340.413086
663134.275370 1298224.395185 -340.049144
663145.389861 1298199.223056 -339.631814
663156.504352 1298174.050926 -339.151595
663167.618843 1298148.878796 -338.632302
663178.733333 1298123.706667 -338.099182
663189.847824 1298098.534537 -337.618442
663200.962315 1298073.362407 -337.065819
663212.076806 1298048.190278 -337.031591
663223.191296 1298023.018148 -338.086834
663234.305787 1297997.846019 -337.940969
663245.420278 1297972.673889 -338.330743
663256.534769 1297947.501759 -338.841546
663267.649259 1297922.329630 -339.583199
663278.763750 1297897.157500 -340.349562
663289.878241 1297871.985370 -340.946582
663300.992731 1297846.813241 -341.376152
663312.107222 1297821.641111 -341.468980
663323.221713 1297796.468981 -341.508398
663334.336204 1297771.296852 -341.454976
663345.450694 1297746.124722 -341.314552
663356.565185 1297720.952593 -341.845717
663367.679676 1297695.780463 -342.585057
663378.794167 1297670.608333 -343.756233
663389.908657 1297645.436204 -344.678747
663401.023148 1297620.264074 -344.873747
663412.137639 1297595.091944 -344.944948
663423.252130 1297569.919815 -344.866315
663434.366620 1297544.747685 -344.754326
663445.481111 1297519.575556 -344.583307
663456.595602 1297494.403426 -344.445982
663467.710093 1297469.231296 -344.494656
663478.824583 1297444.059167 -344.625293
663489.939074 1297418.887037 -344.768617
663501.053565 1297393.714907 -344.871697
663512.168056 1297368.542778 -344.777517
663523.282546 1297343.370648 -344.712882
663534.397037 1297318.198519 -344.730889
663545.511528 1297293.026389 -344.780565
663556.626019 1297267.854259 -344.859010
663567.740509 1297242.682130 -344.958477
663578.855000 1297217.510000 -345.104559
663589.969491 1297192.337870 -345.174521
663601.083981 1297167.165741 -345.181180
663612.198472 1297141.993611 -345.005995
663623.312963 1297116.821481 -344.752940
663634.427454 1297091.649352 -344.650001
663645.541944 1297066.477222 -344.699916
663656.656435 1297041.305093 -344.695523
663667.770926 1297016.132963 -344.530315
663678.885417 1296990.960833 -344.275097
663689.999907 1296965.788704 -344.006706
663701.114398 1296940.616574 -343.996411
663712.228889 1296915.444444 -344.291516
663723.343380 1296890.272315 -344.474595
663734.457870 1296865.100185 -344.542309
663745.572361 1296839.928056 -344.508518
663756.686852 1296814.755926 -344.347346
663767.801343 1296789.583796 -344.172468
663778.915833 1296764.411667 -343.996411
663790.030324 1296739.239537 -343.942633
663801.144815 1296714.067407 -344.126086
663812.259306 1296688.895278 -344.315103
663823.373796 1296663.723148 -344.507275
663834.488287 1296638.551019 -344.652102
663845.602778 1296613.378889 -345.031382
663856.717269 1296588.206759 -345.487960
663867.831759 1296563.034630 -345.990025
663878.946250 1296537.862500 -346.353288
663890.060741 1296512.690370 -346.428395
663901.175231 1296487.518241 -346.534974
663912.289722 1296462.346111 -346.461612
663923.404213 1296437.173981 -346.408502
663934.518704 1296412.001852 -346.316396
663945.633194 1296386.829722 -346.090172
663956.747685 1296361.657593 -345.674399
663967.862176 1296336.485463 -345.340541
663978.976667 1296311.313333 -344.994728
663990.091157 1296286.141204 -344.745718
664001.205648 1296260.969074 -344.360960
664012.320139 1296235.796944 -343.838229
664023.434630 1296210.624815 -343.382074
664034.549120 1296185.452685 -342.958434
664045.663611 1296160.280556 -342.751604
664056.778102 1296135.108426 -342.725538
664067.892593 1296109.936296 -342.823087
664079.007083 1296084.764167 -343.091129
664090.121574 1296059.592037 -343.249313
664101.236065 1296034.419907 -343.417100
664112.350556 1296009.247778 -343.657762
664123.465046 1295984.075648 -343.561410
664134.579537 1295958.903519 -343.487913
664145.694028 1295933.731389 -343.280636
664156.808519 1295908.559259 -342.994629
664167.923009 1295883.387130 -342.828371
664179.037500 1295858.215000 -342.700316
664190.151991 1295833.042870 -342.615946
664201.266481 1295807.870741 -342.513863
664212.380972 1295782.698611 -342.404673
664223.495463 1295757.526481 -342.300732
664234.609954 1295732.354352 -342.092398
664245.724444 1295707.182222 -341.839395
664256.838935 1295682.010093 -341.490837
664267.953426 1295656.837963 -341.355631
664279.067917 1295631.665833 -341.561347
664290.182407 1295606.493704 -341.654454
664301.296898 1295581.321574 -341.246069
664312.411389 1295556.149444 -340.835190
664323.525880 1295530.977315 -340.583237
664334.640370 1295505.805185 -340.236753
664345.754861 1295480.633056 -340.443267
664356.869352 1295455.460926 -340.719043
664367.983843 1295430.288796 -341.141076
664379.098333 1295405.116667 -341.888614
664390.212824 1295379.944537 -342.491649
664401.327315 1295354.772407 -342.862222
664412.441806 1295329.600278 -342.982520
664423.556296 1295304.428148 -342.830898
664434.670787 1295279.256019 -342.640540
664445.785278 1295254.083889 -342.735142
664456.899769 1295228.911759 -342.582584
664468.014259 1295203.739630 -342.454593
664479.128750 1295178.567500 -342.298059
664490.243241 1295153.395370 -342.214213
664501.357731 1295128.223241 -342.094880
664512.472222 1295103.051111 -341.936150
664523.586713 1295077.878981 -341.898353
664534.701204 1295052.706852 -341.835282
664545.815694 1295027.534722 -342.198807
664556.930185 1295002.362593 -342.529661
664568.044676 1294977.190463 -342.376249
664579.159167 1294952.018333 -341.809175
664590.273657 1294926.846204 -342.519616
664601.388148 1294901.674074 -343.394816
664612.502639 1294876.501944 -343.746638
664623.617130 1294851.329815 -344.104316
664634.731620 1294826.157685 -344.022636
664645.846111 1294800.985556 -344.407815
664656.960602 1294775.813426 -344.541843
664668.075093 1294750.641296 -344.592988
664679.189583 1294725.469167 -343.450726
664690.304074 1294700.297037 -342.890637
664701.418565 1294675.124907 -342.725552
664712.533056 1294649.952778 -342.608674
664723.647546 1294624.780648 -342.807379
664734.762037 1294599.608519 -343.076498
664745.876528 1294574.436389 -343.230637
664756.991019 1294549.264259 -343.421541
664768.105509 1294524.092130 -343.494570
664779.220000 1294498.920000 -343.459374
