FFASCI 0 1 "LINES" 0 1e+10
FFATTR 0 1
->1
662378.490000 1299936.100000 -172.964061
662389.604491 1299910.927870 -172.662274
662400.718981 1299885.755741 -172.515921
662411.833472 1299860.583611 -172.601018
662422.947963 1299835.411481 -172.529452
662434.062454 1299810.239352 -172.446513
662445.176944 1299785.067222 -172.263461
662456.291435 1299759.895093 -171.853876
662467.405926 1299734.722963 -171.803757
662478.520417 1299709.550833 -171.725702
662489.634907 1299684.378704 -171.663951
662500.749398 1299659.206574 -171.623687
662511.863889 1299634.034444 -171.716230
662522.978380 1299608.862315 -171.855584
662534.092870 1299583.690185 -172.038659
662545.207361 1299558.518056 -172.245490
662556.321852 1299533.345926 -172.508905
662567.436343 1299508.173796 -172.794829
662578.550833 1299483.001667 -173.047676
662589.665324 1299457.829537 -173.061377
662600.779815 1299432.657407 -173.016628
662611.894306 1299407.485278 -172.872281
662623.008796 1299382.313148 -172.900045
662634.123287 1299357.141019 -172.914019
662645.237778 1299331.968889 -173.595671
662656.352269 1299306.796759 -174.750889
662667.466759 1299281.624630 -175.421811
662678.581250 1299256.452500 -176.179380
662689.695741 1299231.280370 -176.130016
662700.810231 1299206.108241 -175.807009
662711.924722 1299180.936111 -175.610539
662723.039213 1299155.763981 -175.413919
662734.153704 1299130.591852 -175.260543
662745.268194 1299105.419722 -175.120009
662756.382685 1299080.247593 -174.840837
662767.497176 1299055.075463 -174.513690
662778.611667 1299029.903333 -174.314527
662789.726157 1299004.731204 -174.351166
662800.840648 1298979.559074 -174.720970
662811.955139 1298954.386944 -175.099472
662823.069630 1298929.214815 -175.572037
662834.184120 1298904.042685 -175.872828
662845.298611 1298878.870556 -176.136346
662856.413102 1298853.698426 -176.355451
662867.527593 1298828.526296 -176.486593
662878.642083 1298803.354167 -176.566347
662889.756574 1298778.182037 -177.349566
662900.871065 1298753.009907 -178.242048
662911.985556 1298727.837778 -179.123442
662923.100046 1298702.665648 -179.996495
662934.214537 1298677.493519 -179.402673
662945.329028 1298652.321389 -178.346183
662956.443519 1298627.149259 -175.992481
662967.558009 1298601.977130 -173.815439
662978.672500 1298576.805000 -172.389947
662989.786991 1298551.632870 -171.691168
663000.901481 1298526.460741 -171.152635
663012.015972 1298501.288611 -170.836053
663023.130463 1298476.116481 -170.108682
663034.244954 1298450.944352 -169.735179
663045.359444 1298425.772222 -169.514282
663056.473935 1298400.600093 -169.683591
663067.588426 1298375.427963 -171.916267
663078.702917 1298350.255833 -173.654841
663089.817407 1298325.083704 -174.973866
663100.931898 1298299.911574 -175.905006
663112.046389 1298274.739444 -176.138777
663123.160880 1298249.567315 -175.882308
663134.275370 1298224.395185 -175.477645
663145.389861 1298199.223056 -174.694867
663156.504352 1298174.050926 -175.355603
663167.618843 1298148.878796 -176.056954
663178.733333 1298123.706667 -177.920439
663189.847824 1298098.534537 -179.390017
663200.962315 1298073.362407 -179.329970
663212.076806 1298048.190278 -178.597939
663223.191296 1298023.018148 -177.620644
663234.305787 1297997.846019 -175.845832
663245.420278 1297972.673889 -174.233397
663256.534769 1297947.501759 -173.576356
663267.649259 1297922.329630 -173.899477
663278.763750 1297897.157500 -174.384407
663289.878241 1297871.985370 -175.578524
663300.992731 1297846.813241 -177.262735
663312.107222 1297821.641111 -179.899742
663323.221713 1297796.468981 -182.608754
663334.336204 1297771.296852 -186.800597
663345.450694 1297746.124722 -195.062701
663356.565185 1297720.952593 -196.505027
663367.679676 1297695.780463 -196.987288
663378.794167 1297670.608333 -196.575846
663389.908657 1297645.436204 -195.597753
663401.023148 1297620.264074 -193.925580
663412.137639 1297595.091944 -192.021102
663423.252130 1297569.919815 -189.986825
663434.366620 1297544.747685 -189.009593
663445.481111 1297519.575556 -189.186292
663456.595602 1297494.403426 -189.867676
663467.710093 1297469.231296 -190.985899
663478.824583 1297444.059167 -191.896961
663489.939074 1297418.887037 -191.907559
663501.053565 1297393.714907 -191.929102
663512.168056 1297368.542778 -191.673222
663523.282546 1297343.370648 -191.137011
663534.397037 1297318.198519 -190.440320
663545.511528 1297293.026389 -189.678260
663556.626019 1297267.854259 -188.893447
663567.740509 1297242.682130 -188.173763
663578.855000 1297217.510000 -187.845684
663589.969491 1297192.337870 -187.430617
663601.083981 1297167.165741 -186.820548
663612.198472 1297141.993611 -186.043292
663623.312963 1297116.821481 -185.176820
663634.427454 1297091.649352 -184.790244
663645.541944 1297066.477222 -184.754040
663656.656435 1297041.305093 -184.860647
663667.770926 1297016.132963 -185.034537
663678.885417 1296990.960833 -185.156604
663689.999907 1296965.788704 -185.186181
663701.114398 1296940.616574 -184.787727
663712.228889 1296915.444444 -183.660227
663723.343380 1296890.272315 -182.036298
663734.457870 1296865.100185 -179.354596
663745.572361 1296839.928056 -177.221217
663756.686852 1296814.755926 -176.721769
663767.801343 1296789.583796 -177.035239
663778.915833 1296764.411667 -178.185493
663790.030324 1296739.239537 -179.559903
663801.144815 1296714.067407 -180.958950
663812.259306 1296688.895278 -181.975379
663823.373796 1296663.723148 -182.515618
663834.488287 1296638.551019 -183.153143
663845.602778 1296613.378889 -184.545630
663856.717269 1296588.206759 -185.913151
663867.831759 1296563.034630 -187.275758
663878.946250 1296537.862500 -188.286832
663890.060741 1296512.690370 -188.773549
663901.175231 1296487.518241 -188.298113
663912.289722 1296462.346111 -186.677226
663923.404213 1296437.173981 -184.307336
663934.518704 1296412.001852 -182.645878
663945.633194 1296386.829722 -181.598997
663956.747685 1296361.657593 -181.055108
663967.862176 1296336.485463 -180.526671
663978.976667 1296311.313333 -179.916374
663990.091157 1296286.141204 -178.671834
664001.205648 1296260.969074 -176.661232
664012.320139 1296235.796944 -173.681778
664023.434630 1296210.624815 -168.726754
664034.549120 1296185.452685 -168.331732
664045.663611 1296160.280556 -168.865009
664056.778102 1296135.108426 -170.084630
664067.892593 1296109.936296 -171.528464
664079.007083 1296084.764167 -171.934801
664090.121574 1296059.592037 -171.900356
664101.236065 1296034.419907 -171.607353
664112.350556 1296009.247778 -171.400682
664123.465046 1295984.075648 -170.868083
664134.579537 1295958.903519 -170.199467
664145.694028 1295933.731389 -169.402544
664156.808519 1295908.559259 -168.591208
664167.923009 1295883.387130 -168.214518
664179.037500 1295858.215000 -168.145987
664190.151991 1295833.042870 -168.126269
664201.266481 1295807.870741 -168.540356
664212.380972 1295782.698611 -168.811730
664223.495463 1295757.526481 -169.095520
664234.609954 1295732.354352 -169.493677
664245.724444 1295707.182222 -169.940616
664256.838935 1295682.010093 -170.153525
664267.953426 1295656.837963 -170.143170
664279.067917 1295631.665833 -169.894691
664290.182407 1295606.493704 -169.104762
664301.296898 1295581.321574 -168.576803
664312.411389 1295556.149444 -168.215426
664323.525880 1295530.977315 -168.413269
664334.640370 1295505.805185 -168.640556
664345.754861 1295480.633056 -168.651329
664356.869352 1295455.460926 -168.502531
664367.983843 1295430.288796 -168.372654
664379.098333 1295405.116667 -167.645191
664390.212824 1295379.944537 -166.581204
664401.327315 1295354.772407 -165.298626
664412.441806 1295329.600278 -164.557249
664423.556296 1295304.428148 -163.401206
664434.670787 1295279.256019 -162.719315
664445.785278 1295254.083889 -163.762601
664456.899769 1295228.911759 -165.121470
664468.014259 1295203.739630 -166.977709
664479.128750 1295178.567500 -166.741059
664490.243241 1295153.395370 -166.486688
664501.357731 1295128.223241 -166.658442
664512.472222 1295103.051111 -166.739984
664523.586713 1295077.878981 -167.639365
664534.701204 1295052.706852 -169.080658
664545.815694 1295027.534722 -169.660502
664556.930185 1295002.362593 -169.830950
664568.044676 1294977.190463 -170.629853
664579.159167 1294952.018333 -171.475314
664590.273657 1294926.846204 -171.388478
664601.388148 1294901.674074 -170.667806
664612.502639 1294876.501944 -164.854271
664623.617130 1294851.329815 -161.780800
664634.731620 1294826.157685 -162.629462
664645.846111 1294800.985556 -162.713479
664656.960602 1294775.813426 -165.489351
664668.075093 1294750.641296 -168.041440
664679.189583 1294725.469167 -169.663464
664690.304074 1294700.297037 -171.462431
664701.418565 1294675.124907 -171.362506
664712.533056 1294649.952778 -171.376171
664723.647546 1294624.780648 -169.832932
664734.762037 1294599.608519 -169.829165
664745.876528 1294574.436389 -170.353148
664756.991019 1294549.264259 -171.852971
664768.105509 1294524.092130 -173.674925
664779.220000 1294498.920000 -174.722813
